RT 0.949337 0.113905 -0.292889 0.147518 -0.984458 0.0952899 -0.277483 -0.133669 -0.951386 -2.68544 9.36155 -13.9676  
RT 0.931592 0.19676 -0.305649 0.27234 -0.934712 0.228353 -0.240763 -0.295972 -0.924356 -2.62966 9.27235 -13.9988  
RT 0.950849 0.160452 -0.264843 0.183059 -0.981092 0.0628388 -0.249753 -0.108232 -0.962242 -2.7883 9.43267 -13.7482  
RT 0.820345 0.120745 -0.558977 0.316752 -0.909758 0.268342 -0.476133 -0.39719 -0.784562 -3.95379 10.7869 -13.8117  
RT 0.868959 0.154096 -0.470282 0.25319 -0.95493 0.154931 -0.425212 -0.253699 -0.868811 -3.48603 9.92667 -14.8615  
RT 0.954259 0.0773085 -0.288813 0.0384868 -0.989717 -0.137761 -0.296494 0.120344 -0.947422 -4.03171 9.03538 -14.9097  
RT 0.84951 -0.177131 -0.496948 -0.0662604 -0.970316 0.232587 -0.523395 -0.164657 -0.83603 -2.95155 6.5525 -15.2249  
RT 0.938629 0.0926066 -0.332264 0.0294165 -0.981267 -0.190393 -0.343671 0.168934 -0.92377 -2.70249 9.16939 -14.1387  
RT 0.855734 0.20957 -0.473075 0.297422 -0.947388 0.11831 -0.423391 -0.241944 -0.873042 -4.52015 10.5449 -13.8769  
RT 0.984162 -0.0257953 -0.175384 0.00734121 -0.982577 0.185711 -0.177119 -0.184057 -0.966826 -0.977019 9.08618 -13.7212  
RT 0.982432 0.140067 -0.123323 0.160509 -0.97131 0.17548 -0.0952056 -0.192192 -0.976728 -1.92749 9.75193 -13.5215  
RT 0.953961 0.165538 -0.250112 0.185583 -0.980877 0.0586421 -0.235622 -0.102359 -0.966439 -2.84284 8.68751 -14.4912  
RT 0.953116 0.174654 -0.247114 0.23983 -0.933971 0.264915 -0.184528 -0.31176 -0.93207 -2.75134 9.97373 -13.411  
RT 0.949052 0.0471443 -0.311573 0.217072 -0.814546 0.537954 -0.228429 -0.57818 -0.78328 -2.919 9.66937 -12.9861  
RT 0.893128 -0.10406 -0.437601 -0.213267 -0.954534 -0.208285 -0.39603 0.279351 -0.874713 -5.29975 7.83809 -14.9535  
RT 0.855587 -0.185243 -0.483379 -0.26741 -0.957701 -0.106302 -0.443241 0.220211 -0.868933 -5.36827 7.81121 -14.9404  
RT 0.848442 -0.123527 -0.514673 -0.239275 -0.956866 -0.164788 -0.472117 0.262961 -0.841402 -5.00214 7.62416 -15.4154  
RT 0.907427 0.23196 -0.350388 0.24954 -0.968351 0.00519632 -0.338093 -0.092151 -0.93659 -3.37577 10.4299 -14.0049  
RT 0.907209 0.0415765 -0.418622 0.224745 -0.889094 0.398749 -0.355616 -0.455832 -0.815938 -3.71882 10.3761 -13.5794  
RT 0.933973 0.155573 -0.3217 0.180023 -0.982514 0.0475127 -0.308683 -0.102289 -0.945649 -3.47761 10.2286 -14.0345  
RT 0.878894 0.298488 -0.37209 0.38795 -0.901147 0.193464 -0.277561 -0.314387 -0.907811 -3.82116 10.6171 -14.0753  
RT 0.926947 0.141178 -0.347617 0.211074 -0.962207 0.172061 -0.310189 -0.232864 -0.921714 -3.75942 10.6068 -14.0016  
RT 0.89205 0.303913 -0.334492 0.287071 -0.952676 -0.0999983 -0.349053 -0.00681944 -0.937078 -3.48237 10.5032 -14.1497  
RT 0.88839 0.152778 -0.432923 0.251586 -0.95081 0.180732 -0.384016 -0.269478 -0.883127 -3.84855 10.4059 -13.9478  
RT 0.743508 -0.0476705 -0.667026 0.457201 -0.691681 0.559057 -0.48802 -0.720628 -0.492475 -4.26477 9.79039 -14.0161  
RT 0.931114 0.224727 -0.287271 0.156392 -0.957547 -0.242166 -0.329497 0.180557 -0.926731 -3.70165 10.2193 -14.1072  
RT 0.915349 0.292454 -0.276779 0.279949 -0.95628 -0.0846053 -0.289421 -4.04544e-05 -0.957202 -3.72568 10.6533 -14.3075  
RT 0.944654 0.174068 -0.27808 0.17358 -0.984461 -0.0265754 -0.278385 -0.0231646 -0.96019 -3.47722 9.92317 -14.3057  
RT 0.89398 0.0401309 -0.446306 0.206898 -0.92043 0.331667 -0.397483 -0.388843 -0.831149 -3.59835 10.3052 -13.8473  
RT 0.932421 0.232505 -0.276645 0.207882 -0.971292 -0.115659 -0.295595 0.0503335 -0.953987 -2.86437 10.211 -13.5862  
RT 0.904234 0.038967 -0.425257 0.196103 -0.922508 0.332448 -0.379348 -0.384005 -0.841805 -3.22481 10.7424 -13.7738  
RT 0.942141 0.148041 -0.300755 0.226566 -0.942462 0.245831 -0.247057 -0.299748 -0.921474 -2.63697 9.56232 -13.4783  
RT 0.9443 0.178538 -0.276444 0.22846 -0.960281 0.160207 -0.236861 -0.21444 -0.947583 -2.75635 9.32292 -13.7226  
RT 0.952045 0.104976 -0.287385 0.153068 -0.976718 0.150309 -0.264915 -0.18709 -0.945948 -3.78515 9.42517 -13.5197  
RT 0.84032 0.281599 -0.463211 0.370142 -0.922349 0.110761 -0.396052 -0.264528 -0.8793 -4.13574 9.96461 -14.2082  
RT 0.972631 0.209033 -0.101462 0.20862 -0.977885 -0.0147872 -0.102309 -0.00678455 -0.99473 -3.22713 9.28281 -13.3729  
RT 0.967143 0.220303 -0.126892 0.235148 -0.964883 0.117071 -0.0966445 -0.143062 -0.984984 -2.6239 10.1566 -13.1238  
RT 0.974882 0.188159 -0.11917 0.201146 -0.973552 0.108335 -0.0956341 -0.129585 -0.986946 -2.68271 9.94076 -13.1539  
RT 0.966082 0.0913852 -0.241524 0.179892 -0.909175 0.375553 -0.185268 -0.406263 -0.894777 -3.04774 10.1574 -13.0834  
RT 0.91957 0.311583 -0.239389 0.310146 -0.94964 -0.0446564 -0.241247 -0.0331809 -0.969896 -4.09536 8.92205 -13.0804  
RT 0.988646 0.0922558 -0.118605 0.0928712 -0.995678 -0.000339712 -0.118124 -0.0106792 -0.992941 -1.41519 9.97459 -13.7165  
RT 0.979445 0.110198 -0.168952 0.114115 -0.993374 0.0136226 -0.166332 -0.0326226 -0.98553 -1.62095 9.84502 -13.9265  
RT 0.91667 0.283228 -0.281956 0.329341 -0.93501 0.131496 -0.226388 -0.213398 -0.950373 -2.72825 9.4701 -13.582  
RT 0.945709 0.159854 -0.282985 0.212866 -0.962596 0.167623 -0.245604 -0.218761 -0.944363 -2.52995 9.94342 -12.9617  
RT 0.956117 0.136878 -0.259046 0.181734 -0.970585 0.157916 -0.229811 -0.198063 -0.952868 -2.70344 9.6259 -13.0827  
RT 0.952171 0.0773166 -0.295621 0.0723203 -0.996994 -0.0278154 -0.296883 0.00510564 -0.9549 -2.96312 8.81209 -14.9508  
RT 0.887564 0.402277 -0.224506 0.353587 -0.907249 -0.227762 -0.295306 0.122771 -0.947482 -3.98437 10.3769 -14.5493  
RT 0.840725 0.430002 -0.329058 0.435856 -0.89802 -0.0599115 -0.321263 -0.093053 -0.942407 -4.0895 9.69592 -14.7715  
RT 0.863027 0.364433 -0.349818 0.377125 -0.925545 -0.0338182 -0.336097 -0.102739 -0.936207 -3.87867 9.47638 -14.8325  
RT 0.956953 0.105326 -0.270457 0.0837784 -0.992407 -0.0900484 -0.277888 0.0635137 -0.958512 -3.65725 9.30424 -14.3623  
RT 0.935418 0.0436013 -0.350845 0.106791 -0.980858 0.162827 -0.33703 -0.189778 -0.922169 -3.13685 8.97572 -14.3098  
RT 0.873314 0.248993 -0.418719 0.243754 -0.967524 -0.0669492 -0.42179 -0.0435967 -0.905645 -5.00367 8.87269 -14.4078  
RT 0.855307 0.187593 -0.482969 0.219693 -0.975516 0.0101568 -0.469239 -0.114792 -0.875578 -5.04 8.86824 -14.5566  
RT 0.93286 0.211027 -0.291959 0.148653 -0.963738 -0.221613 -0.328138 0.163333 -0.930402 -4.95863 8.85969 -14.5806  
RT 0.932585 0.149545 -0.328515 0.110923 -0.984832 -0.133423 -0.343485 0.0879884 -0.935027 -3.04134 8.39138 -13.9564  
RT 0.945858 0.0348522 -0.322703 0.0347527 -0.999377 -0.00607174 -0.322714 -0.00547179 -0.946481 -2.89669 9.67752 -14.7533  
RT 0.922718 0.133782 -0.361516 0.109547 -0.990182 -0.0868236 -0.369582 0.0405109 -0.928314 -3.58126 9.32611 -14.4647  
RT 0.93502 -0.0205566 -0.354 0.0742199 -0.96486 0.252066 -0.346742 -0.26196 -0.900637 -3.27994 9.25814 -14.6758  
RT 0.921147 0.137083 -0.364276 0.149233 -0.988788 0.00527002 -0.359469 -0.0592166 -0.931276 -3.86135 10.7149 -14.4796  
RT 0.896978 0.0727823 -0.436043 0.119132 -0.98966 0.0798754 -0.42572 -0.123593 -0.896374 -3.51647 10.2542 -14.454  
RT 0.946131 0.00672395 -0.323713 0.0888299 -0.966813 0.239545 -0.31136 -0.255397 -0.915329 -3.02754 8.98245 -14.9114  
RT 0.981071 0.156491 -0.114062 0.120794 -0.954923 -0.271164 -0.151355 0.252253 -0.955751 -3.09741 8.8411 -15.1039  
RT 0.910279 0.185665 -0.370028 0.223803 -0.972626 0.0625371 -0.348287 -0.139739 -0.926914 -4.19448 11.0092 -13.8008  
RT 0.9783 0.124799 -0.165391 0.120901 -0.9921 -0.0334715 -0.168262 0.0127492 -0.98566 -3.52749 8.91609 -14.2784  
RT 0.877012 0.153065 -0.455434 0.271372 -0.940031 0.206638 -0.396493 -0.304816 -0.865956 -4.12764 8.88045 -13.7768  
RT 0.875463 0.16278 -0.455046 0.258693 -0.953159 0.156735 -0.408218 -0.254933 -0.876566 -4.03614 9.02393 -13.7807  
RT 0.910593 0.179668 -0.372209 0.225577 -0.970656 0.0833201 -0.346317 -0.159832 -0.924401 -3.49763 7.84069 -14.2723  
RT 0.977446 0.211181 -0.0013194 0.195846 -0.908771 -0.368482 -0.0790154 0.359913 -0.929634 -3.43261 8.58166 -14.4908  
RT 0.910962 0.147823 -0.385093 0.126783 -0.988729 -0.0796256 -0.392523 0.0237128 -0.919436 -4.02503 10.0453 -15.1375  
RT 0.844387 0.267649 -0.464085 0.322551 -0.945642 0.0414962 -0.427752 -0.18473 -0.884818 -3.7477 10.4822 -14.8429  
RT 0.923941 0.261513 -0.279186 0.247539 -0.965155 -0.0848503 -0.291647 0.0092873 -0.956481 -3.57415 10.3949 -14.7863  
RT 0.953542 0.0184534 -0.300693 0.0542612 -0.992319 0.111172 -0.296332 -0.122323 -0.947219 -2.64865 8.53466 -14.2436  
RT 0.959465 0.0595586 -0.275464 0.0828243 -0.993842 0.0736037 -0.269384 -0.0934353 -0.95849 -2.68951 8.64895 -14.2388  
RT 0.960582 -0.00921205 -0.277845 0.0293339 -0.990512 0.134255 -0.276446 -0.137114 -0.951198 -2.64267 8.52971 -14.2036  
RT 0.923381 0.207476 -0.322989 0.216619 -0.976225 -0.00780544 -0.31693 -0.0627582 -0.94637 -2.53269 8.93869 -14.9189  
RT 0.899805 0.0654346 -0.431358 0.0109695 -0.99177 -0.127564 -0.436155 0.110051 -0.893117 -3.99936 8.28144 -15.1267  
RT 0.929553 0.155612 -0.334239 0.241102 -0.94242 0.231763 -0.278929 -0.296022 -0.913548 -4.46162 9.88328 -13.6926  
RT 0.94564 0.179079 -0.27147 0.123444 -0.969918 -0.209813 -0.300877 0.164896 -0.939299 -3.5606 9.60024 -14.5665  
RT 0.906331 0.333552 -0.259435 0.257903 -0.922972 -0.285673 -0.334738 0.192005 -0.922542 -4.46751 9.39757 -15.0234  
RT 0.899302 0.336036 -0.279886 0.249343 -0.919756 -0.303112 -0.359283 0.202802 -0.910927 -5.07791 9.44993 -15.162  
RT 0.939616 0.220087 -0.262077 0.276304 -0.939716 0.201469 -0.201937 -0.261716 -0.943783 -2.73734 10.0464 -13.2866  
RT 0.934469 0.202556 -0.292813 0.276666 -0.93075 0.239084 -0.224107 -0.304428 -0.925797 -2.61438 9.97277 -13.226  
RT 0.929528 0.283308 -0.23604 0.327289 -0.928738 0.174147 -0.169882 -0.239128 -0.956012 -2.82937 9.57174 -13.4024  
RT 0.929832 0.21686 -0.297293 0.283843 -0.936833 0.204393 -0.23419 -0.274436 -0.932652 -2.6865 9.99508 -13.1832  
RT 0.955244 0.182948 -0.232462 0.139496 -0.971551 -0.191389 -0.260863 0.150396 -0.953589 -3.63586 9.67253 -14.326  
RT 0.93887 0.188937 -0.287794 0.13821 -0.972483 -0.187552 -0.31531 0.13631 -0.939148 -3.60037 9.80755 -14.3739  
RT 0.980888 0.184819 -0.060831 0.182439 -0.982292 -0.0426382 -0.0676342 0.0307254 -0.997237 -1.814 9.9571 -13.3139  
RT 0.889227 0.125571 -0.439895 0.058806 -0.984988 -0.162299 -0.453671 0.118452 -0.883262 -4.51863 8.35908 -14.7169  
RT 0.870128 -0.0250341 -0.492189 0.0126829 -0.997241 0.0731442 -0.492662 -0.0698873 -0.86741 -4.12443 8.29131 -14.7606  
RT 0.839553 0.476637 -0.260706 0.460234 -0.87897 -0.124886 -0.288678 -0.0151374 -0.957306 -4.10142 10.2067 -14.3961  
RT 0.851343 0.516106 -0.0940695 0.477009 -0.836184 -0.270663 -0.21835 0.185555 -0.958067 -4.10239 10.1206 -14.5353  
RT 0.815886 0.293025 -0.498464 0.349333 -0.936761 0.0211081 -0.460756 -0.191351 -0.866654 -4.17985 9.56156 -14.4349  
RT 0.886892 0.234391 -0.398099 0.273111 -0.961039 0.0426053 -0.372603 -0.146512 -0.916352 -3.44683 10.6236 -14.4575  
RT 0.947836 0.161656 -0.274725 0.132404 -0.983659 -0.122004 -0.289958 0.0792654 -0.953751 -3.677 8.91438 -14.3067  
RT 0.929641 0.312066 -0.195912 0.276532 -0.942285 -0.188756 -0.24351 0.121299 -0.962284 -3.62202 9.52324 -14.7713  
RT 0.931296 0.161737 -0.326387 0.168676 -0.985646 -0.00713317 -0.322856 -0.0484106 -0.945209 -3.0701 9.20743 -15.0227  
RT 0.973046 0.170426 -0.155357 0.127885 -0.959382 -0.251459 -0.191902 0.224814 -0.955318 -3.54424 10.0274 -14.735  
RT 0.977056 0.193152 -0.0897479 0.161662 -0.946903 -0.277923 -0.138664 0.257037 -0.956402 -3.46292 9.68701 -14.7047  
RT 0.88571 0.17101 -0.431595 0.147034 -0.985155 -0.0886074 -0.44034 0.0150215 -0.897705 -4.31981 9.54039 -14.9617  
RT 0.96496 0.178622 -0.192213 0.100693 -0.928522 -0.357362 -0.242306 0.325486 -0.913973 -3.69092 8.78029 -15.0982  
RT 0.937439 0.301565 -0.173976 0.243093 -0.924699 -0.292981 -0.249228 0.232359 -0.940157 -4.01438 8.80286 -15.4404  
RT 0.909193 0.310964 -0.276892 0.28182 -0.949119 -0.140538 -0.306506 0.0497422 -0.950568 -4.16809 9.7161 -15.107  
RT 0.950357 0.279158 -0.137446 0.252854 -0.950284 -0.181728 -0.181344 0.137953 -0.973696 -2.88722 10.4652 -14.3802  
RT 0.975696 0.09136 -0.199174 0.0506887 -0.978387 -0.200471 -0.213184 0.185503 -0.95924 -3.4998 8.449 -14.7042  
RT 0.918971 0.390219 -0.0567533 0.32307 -0.827597 -0.459031 -0.226091 0.403501 -0.886606 -3.83455 9.78779 -14.9749  
RT 0.978022 0.144192 -0.150601 0.107796 -0.967973 -0.226733 -0.178471 0.205515 -0.962243 -3.33554 8.76536 -14.6111  
RT 0.891567 0.151068 -0.42695 0.184706 -0.98205 0.0382293 -0.413511 -0.112944 -0.903467 -3.51875 9.47272 -14.5289  
RT 0.880198 0.265173 -0.393617 0.289823 -0.957074 0.00333272 -0.375837 -0.117013 -0.919268 -3.99266 9.18097 -14.505  
RT 0.980272 0.157689 -0.119166 0.119466 -0.953016 -0.278366 -0.157463 0.258638 -0.953054 -3.14734 9.00363 -14.8464  
RT 0.981524 0.117627 -0.15091 0.0756481 -0.963017 -0.258605 -0.175748 0.242411 -0.954122 -2.77623 8.83675 -14.8083  
RT 0.940418 0.059772 -0.334725 0.0780554 -0.996088 0.0414267 -0.330939 -0.0650855 -0.941405 -4.07753 9.42609 -14.3352  
RT 0.939972 0.142267 -0.310183 0.108872 -0.986475 -0.122529 -0.323419 0.0814036 -0.942748 -3.65535 8.94848 -14.6695  
RT 0.931111 0.0964196 -0.35176 0.0783987 -0.994791 -0.0651564 -0.35621 0.0330904 -0.93382 -3.90795 8.89834 -14.7197  
RT 0.83396 0.174894 -0.523376 0.246233 -0.966729 0.0693067 -0.493841 -0.186671 -0.849279 -4.589 9.14204 -14.645  
RT 0.963279 0.125941 -0.237135 0.0647946 -0.966105 -0.249887 -0.260568 0.225346 -0.938788 -4.35466 9.27892 -14.4589  
RT 0.940322 0.183218 -0.286751 0.0920393 -0.948205 -0.304033 -0.327603 0.259496 -0.908481 -4.42469 8.82585 -14.5156  
RT 0.944341 0.177736 -0.276821 0.12714 -0.973285 -0.191186 -0.303407 0.14535 -0.94171 -4.06565 9.03528 -14.7408  
RT 0.943419 0.0477969 -0.328139 0.032108 -0.998075 -0.0530674 -0.330044 0.0395289 -0.943138 -3.6301 8.95558 -14.5485  
RT 0.830986 0.218393 -0.511632 0.350345 -0.919864 0.176377 -0.432113 -0.325814 -0.840906 -4.42427 9.1037 -14.5573  
RT 0.831013 0.337677 -0.442032 0.363743 -0.931095 -0.0274515 -0.420843 -0.137974 -0.896579 -4.49077 8.77591 -14.3293  
RT 0.924834 0.272065 -0.265826 0.202552 -0.943784 -0.261238 -0.321956 0.187758 -0.92795 -4.81424 9.15384 -14.9517  
RT 0.950243 0.13898 -0.278787 0.0800457 -0.973846 -0.212642 -0.301048 0.179746 -0.936516 -4.0661 9.12317 -15.1043  
RT 0.967084 0.165804 -0.193023 0.129117 -0.973405 -0.189239 -0.219267 0.158087 -0.962772 -3.70871 9.7024 -14.3847  
RT 0.906365 0.167339 -0.387944 0.217928 -0.97181 0.0899628 -0.361954 -0.166083 -0.917282 -3.55809 9.52625 -14.6618  
RT 0.925138 0.114208 -0.362044 0.0929143 -0.992788 -0.0757517 -0.368085 0.0364417 -0.929078 -3.83709 9.28603 -15.4152  
RT 0.920836 0.16733 -0.352223 0.142713 -0.985201 -0.0949342 -0.362896 0.037152 -0.931089 -4.7196 8.90613 -15.0113  
RT 0.958795 0.179338 -0.220342 0.158326 -0.981271 -0.109723 -0.235892 0.0703159 -0.969232 -3.76812 9.48263 -14.9243  
RT 0.97697 0.136244 -0.164215 0.107641 -0.979196 -0.172016 -0.184235 0.150378 -0.97131 -3.20336 8.56775 -14.8762  
RT 0.977634 0.0749382 -0.196508 0.0518016 -0.991379 -0.120347 -0.203833 0.107476 -0.973088 -3.07589 8.75677 -14.6622  
RT 0.956472 0.189206 -0.222175 0.242616 -0.938647 0.24511 -0.162168 -0.288344 -0.943694 -2.72174 10.0013 -13.1283  
RT 0.957569 0.195084 -0.212143 0.242436 -0.943263 0.226892 -0.155843 -0.268696 -0.950534 -2.71665 10.032 -13.1031  
RT 0.956362 0.197316 -0.215493 0.248577 -0.937073 0.24516 -0.153559 -0.288028 -0.94523 -2.70349 10.1066 -13.0455  
RT 0.957217 0.206154 -0.203066 0.247189 -0.947372 0.203428 -0.150441 -0.244921 -0.9578 -2.60972 10.0992 -13.1033  
RT 0.923799 0.200029 -0.326472 0.212142 -0.977238 0.0015357 -0.318734 -0.0706772 -0.945206 -4.48025 9.82274 -14.313  
RT 0.914574 0.329163 -0.234961 0.36436 -0.922758 0.125535 -0.17549 -0.200421 -0.963864 -2.8717 9.61198 -14.153  
RT 0.930025 0.299015 -0.213644 0.25541 -0.943915 -0.209261 -0.264234 0.140051 -0.954236 -4.50255 8.93656 -14.3863  
RT 0.971956 0.174453 -0.157698 0.126724 -0.953435 -0.273682 -0.198099 0.246023 -0.948804 -3.04409 9.0755 -14.6944  
RT 0.889991 0.386569 -0.24183 0.295098 -0.892612 -0.340824 -0.347612 0.231967 -0.908492 -4.32692 9.14345 -15.3393  
RT 0.878625 0.357216 -0.316882 0.27735 -0.921963 -0.270299 -0.388708 0.149605 -0.909134 -4.49623 8.94919 -15.5153  
RT 0.896573 0.356645 -0.262604 0.27076 -0.910593 -0.312266 -0.350493 0.208867 -0.912978 -4.07068 9.08742 -15.4971  
RT 0.974971 0.099388 -0.198883 0.0729731 -0.988016 -0.136011 -0.210018 0.118094 -0.970539 -3.89627 9.00395 -14.0853  
RT 0.962847 0.112674 -0.245417 0.072309 -0.983182 -0.167701 -0.260185 0.143724 -0.954802 -3.8217 9.08177 -14.623  
RT 0.896491 0.289671 -0.335252 0.217623 -0.946996 -0.236302 -0.385932 0.138885 -0.912013 -4.54588 9.56833 -15.0199  
RT 0.918686 0.189599 -0.346509 0.0822094 -0.949833 -0.301761 -0.386339 0.248737 -0.888185 -4.13669 9.83427 -14.8508  
RT 0.910673 0.228432 -0.344229 0.1127 -0.938987 -0.324964 -0.397459 0.257142 -0.880854 -4.11051 9.55924 -15.0685  
RT 0.935282 -0.0327754 -0.352383 0.127956 -0.897027 0.423047 -0.329963 -0.440758 -0.834779 -1.73585 9.63669 -14.2003  
RT 0.941243 0.0708683 -0.33021 0.0174816 -0.986649 -0.16192 -0.337277 0.146634 -0.929916 -2.65485 8.69644 -15.1664  
RT 0.962962 0.158256 -0.218311 0.190974 -0.971866 0.137862 -0.190351 -0.174448 -0.966092 -1.90407 9.75891 -13.0713  
RT 0.747019 -0.035555 -0.663851 0.0882377 -0.984431 0.152017 -0.658921 -0.172136 -0.732252 -5.71634 8.04043 -14.5637  
RT 0.887043 0.372739 -0.272432 0.328801 -0.924262 -0.193986 -0.324105 0.0824978 -0.942417 -4.10952 9.88482 -14.7581  
RT 0.940312 0.120223 -0.318369 0.121673 -0.992451 -0.0154047 -0.317818 -0.0242518 -0.947842 -3.43675 8.87385 -14.7726  
RT 0.935224 0.161831 -0.314907 0.153033 -0.986818 -0.0526407 -0.319274 0.00103961 -0.947662 -4.34425 9.57195 -14.3425  
RT 0.841611 0.359616 -0.402949 0.371562 -0.926992 -0.0512491 -0.39196 -0.106589 -0.913787 -4.63237 8.93487 -14.6969  
RT 0.882572 0.176571 -0.435763 0.162675 -0.98424 -0.0693383 -0.441138 -0.00969186 -0.897387 -4.57931 9.18858 -15.1842  
RT 0.949875 0.162113 -0.267312 0.139808 -0.985055 -0.100596 -0.279625 0.0581812 -0.958345 -3.74595 9.23661 -14.7033  
RT 0.981917 0.149283 -0.116421 0.107179 -0.945285 -0.308139 -0.156051 0.290089 -0.944191 -3.20415 9.38202 -14.4872  
RT 0.966096 0.174812 -0.19 0.142501 -0.974699 -0.172205 -0.215296 0.139291 -0.966564 -3.82929 9.28844 -14.4052  
RT 0.960498 0.115923 -0.252993 0.101688 -0.992443 -0.0686837 -0.259043 0.0402442 -0.965027 -3.43785 9.2239 -14.8221  
RT 0.963549 0.120106 -0.239057 0.100907 -0.990722 -0.0910371 -0.247773 0.0635962 -0.966728 -3.29469 9.22909 -15.0837  
RT 0.919137 0.116569 -0.376297 0.159412 -0.983573 0.0846875 -0.360244 -0.137826 -0.92262 -4.19726 10.9469 -14.2019  
RT 0.912998 0.130944 -0.386379 0.100658 -0.990113 -0.0976995 -0.395352 0.0503075 -0.917151 -3.85397 9.29682 -14.495  
RT 0.963887 0.17992 -0.196345 0.149042 -0.975442 -0.162172 -0.220701 0.127052 -0.967031 -3.82794 9.27662 -14.4096  
RT 0.984972 0.0342423 -0.169285 0.0134408 -0.992374 -0.122529 -0.172189 0.118413 -0.977921 -2.77776 8.88207 -14.7026  
RT 0.96959 0.0748511 -0.233006 0.062032 -0.996154 -0.0618765 -0.236741 0.0455411 -0.970505 -3.32523 9.24084 -14.1751  
RT 0.959989 0.116917 -0.254462 0.105533 -0.992724 -0.0579878 -0.25939 0.0288135 -0.965343 -3.4147 9.2222 -14.7149  
RT 0.980774 0.133835 -0.142023 0.0983713 -0.967609 -0.232499 -0.16854 0.214058 -0.962171 -3.0069 9.12687 -14.566  
RT 0.91241 0.372782 -0.168944 0.328652 -0.913344 -0.240396 -0.24392 0.163815 -0.95586 -3.25767 9.73628 -14.7455  
RT 0.88213 0.296796 -0.365731 0.321029 -0.947052 0.00576373 -0.344656 -0.122494 -0.930703 -3.77666 9.44086 -14.8039  
RT 0.93492 0.122489 -0.333049 0.13836 -0.990085 0.0242642 -0.326775 -0.0687657 -0.942597 -3.60453 9.02101 -14.3828  
RT 0.974206 0.0443881 -0.22125 -0.00314224 -0.977699 -0.209986 -0.225637 0.205265 -0.952342 -3.57458 8.87321 -14.7339  
RT 0.975051 0.0374129 -0.218804 0.0375256 -0.999289 -0.00364252 -0.218784 -0.00465908 -0.975762 -3.59996 9.1337 -14.6671  
RT 0.943205 0.140324 -0.30112 0.145172 -0.989386 -0.00633421 -0.298813 -0.0377398 -0.953565 -3.69854 9.32245 -14.0782  
RT 0.967848 0.0721682 -0.24096 0.0941652 -0.992252 0.081045 -0.233244 -0.101129 -0.967145 -3.18635 9.90905 -14.2033  
RT 0.963006 0.194494 -0.186526 0.172495 -0.97668 -0.127837 -0.207039 0.0909329 -0.974097 -3.95273 10.2982 -13.6327  
RT 0.935423 0.232692 -0.266155 0.186776 -0.964483 -0.186783 -0.300164 0.125009 -0.945661 -4.37442 9.25957 -15.2086  
RT 0.957035 0.118548 -0.264631 0.100629 -0.991676 -0.0803225 -0.271951 0.050242 -0.960999 -3.64954 9.55654 -14.2156  
RT 0.95186 0.131584 -0.276853 0.124606 -0.991286 -0.0427291 -0.280063 0.00617464 -0.959962 -3.68353 9.13674 -14.6544  
RT 0.937309 0.115224 -0.328901 0.100707 -0.993051 -0.0608999 -0.333633 0.0239594 -0.942399 -3.98886 9.03644 -14.5009  
RT 0.962071 0.134257 -0.237473 0.0801962 -0.971238 -0.224198 -0.260743 0.19665 -0.945167 -4.3856 8.77103 -15.1356  
RT 0.907749 0.110729 -0.404636 0.0890405 -0.993415 -0.0720976 -0.409955 0.0294175 -0.911631 -4.17693 8.8974 -14.8791  
RT 0.913162 0.134224 -0.384861 0.0764923 -0.98388 -0.161644 -0.400354 0.118168 -0.908709 -5.15516 8.28022 -15.3258  
RT 0.886325 0.328098 -0.326773 0.325923 -0.943289 -0.0630921 -0.328942 -0.0505829 -0.942995 -3.59272 10.3922 -14.7929  
RT 0.935136 0.196383 -0.29488 0.177805 -0.980049 -0.0888261 -0.30644 0.0306334 -0.951397 -4.1822 9.56734 -14.4386  
RT 0.917794 0.224386 -0.327575 0.225142 -0.973655 -0.0361457 -0.327056 -0.0405767 -0.944134 -3.79576 9.5502 -14.4952  
RT 0.909104 0.00796828 -0.416492 0.0999232 -0.974798 0.199459 -0.404406 -0.222946 -0.886989 -3.50965 8.20885 -14.5744  
RT 0.878591 0.0239001 -0.476977 0.182402 -0.939825 0.288893 -0.44137 -0.34082 -0.830081 -3.00888 8.74253 -14.608  
RT 0.924501 0.211992 -0.316792 0.224958 -0.974358 0.00447532 -0.30772 -0.0754023 -0.948484 -3.23185 9.29765 -14.8409  
RT 0.872077 0.360107 -0.331368 0.296571 -0.927526 -0.227467 -0.389265 0.100094 -0.915671 -4.92594 10.0491 -14.9164  
RT 0.951145 0.156983 -0.265857 0.130737 -0.984863 -0.11381 -0.279699 0.0734924 -0.957271 -3.81846 8.50443 -14.7584  
RT 0.958522 0.147875 -0.243658 0.108512 -0.979834 -0.167782 -0.263555 0.134383 -0.955238 -3.89583 9.99851 -14.7244  
RT 0.953224 0.217752 -0.209636 0.174674 -0.96286 -0.205889 -0.246683 0.159641 -0.955857 -3.73186 9.56483 -14.7772  
RT 0.96481 0.031804 -0.261019 0.00622267 -0.995142 -0.0982527 -0.262876 0.0931709 -0.960321 -3.78743 8.42058 -14.2078  
RT 0.865317 0.357681 -0.351128 0.34217 -0.933453 -0.107633 -0.36626 -0.0270086 -0.930121 -3.611 10.3425 -14.9181  
RT 0.938391 0.114702 -0.325984 0.13059 -0.991063 0.0272023 -0.31995 -0.0680966 -0.944984 -4.20532 10.9662 -14.1463  
RT 0.96282 0.112479 -0.245614 0.0718259 -0.983059 -0.168631 -0.260421 0.14472 -0.954587 -3.60451 9.18675 -14.7319  
RT 0.919953 0.304807 -0.246535 0.28247 -0.951449 -0.122291 -0.27184 0.042863 -0.961387 -3.6662 10.9715 -14.1535  
RT 0.941724 0.256242 -0.217935 0.131979 -0.877375 -0.461297 -0.309414 0.405652 -0.860064 -3.41485 9.41381 -14.7436  
RT 0.888593 0.442577 -0.12053 0.388946 -0.866286 -0.313481 -0.243153 0.231677 -0.941914 -3.61489 10.1041 -14.5467  
RT 0.953267 0.1605 -0.255973 0.068004 -0.93947 -0.335814 -0.294378 0.302713 -0.90648 -4.07024 8.64644 -15.717  
RT 0.95689 0.153695 -0.246452 0.109638 -0.976882 -0.183526 -0.268962 0.148594 -0.951619 -4.03475 9.68712 -15.0522  
