RT 0.952446 0.292039 -0.0869442 0.292535 -0.956227 -0.0072649 -0.08526 -0.0185148 -0.996187 -2.44599 12.0212 -12.8008  
RT 0.991295 0.113475 -0.0667618 0.112663 -0.993507 -0.0158055 -0.0681219 0.00814626 -0.997644 -1.27128 11.7555 -12.9702  
RT 0.980656 0.194388 0.0229542 0.195736 -0.973238 -0.120395 -0.00106355 0.122559 -0.992461 -2.12039 11.3692 -13.0572  
RT 0.966574 0.256326 -0.00559233 0.256298 -0.966584 -0.0052262 -0.00674507 0.0036182 -0.999971 -2.36993 12.9981 -11.9424  
RT 0.980653 0.192045 -0.0379352 0.190405 -0.980764 -0.0429784 -0.0454592 0.0349238 -0.998356 -2.63815 12.4236 -12.4313  
RT 0.95485 0.28078 -0.0970738 0.288057 -0.954958 0.0712592 -0.0726932 -0.0960046 -0.992723 -2.99086 12.3689 -12.4688  
RT 0.980949 0.167994 -0.0975508 0.163676 -0.985208 -0.0507559 -0.104635 0.0338223 -0.993935 -2.07595 12.0646 -13.4697  
RT 0.965704 0.25451 -0.0513915 0.25353 -0.967008 -0.0248644 -0.0560242 0.0109824 -0.998369 -2.14494 11.9111 -13.0441  
RT 0.981241 0.178416 0.0730293 0.174912 -0.983215 0.0519032 0.0810639 -0.0381559 -0.995978 -0.939525 12.1223 -11.4869  
RT 0.976756 0.19535 0.0882358 0.191147 -0.980081 0.0538866 0.097005 -0.0357681 -0.994641 -1.0969 12.2419 -11.2329  
RT 0.971137 0.237196 -0.0251265 0.232668 -0.965224 -0.119201 -0.0525266 0.109914 -0.992552 -2.65254 11.2428 -12.713  
RT 0.972009 0.23438 -0.0162554 0.230256 -0.964084 -0.132376 -0.046698 0.124928 -0.991066 -2.52424 11.1799 -12.7569  
RT 0.97275 0.23037 -0.0262141 0.225533 -0.966376 -0.123503 -0.0537842 0.114226 -0.991998 -2.67796 11.2415 -12.808  
RT 0.966617 0.255293 -0.0218362 0.255293 -0.96686 -0.00283734 -0.0218369 -0.002832 -0.999758 -2.00336 12.0786 -12.4871  
RT 0.981427 0.187438 -0.0408455 0.188558 -0.98173 0.0255295 -0.0353141 -0.0327571 -0.998839 -1.97061 12.5549 -11.7785  
RT 0.982807 0.180451 0.0390849 0.181712 -0.982846 -0.0315428 0.0327225 0.0381027 -0.998738 -1.30135 11.793 -12.5607  
RT 0.945085 0.324404 -0.0397109 0.325912 -0.944537 0.0403771 -0.02441 -0.0511021 -0.998395 -2.92709 12.5028 -12.114  
RT 0.97634 0.206295 -0.0648296 0.200614 -0.976017 -0.0845219 -0.0807112 0.0695163 -0.99431 -2.58628 11.8021 -13.1137  
RT 0.986295 0.162849 -0.02649 0.159349 -0.981841 -0.102937 -0.0427723 0.0973054 -0.994335 -2.32351 11.8362 -12.9979  
RT 0.990101 0.140318 0.0031721 0.140292 -0.990083 0.00734127 0.00417076 -0.00682358 -0.999968 -0.28673 12.2333 -12.7841  
RT 0.976386 0.210584 -0.0482152 0.209532 -0.977456 -0.0259947 -0.0526023 0.0152783 -0.998499 -2.85877 11.5002 -12.4  
RT 0.964348 0.240077 -0.111339 0.236513 -0.970614 -0.0443774 -0.118721 0.0164622 -0.992791 -2.59615 11.7805 -13.0904  
RT 0.974974 0.222316 -0.00114403 0.221125 -0.970259 -0.0984919 -0.0230063 0.095774 -0.995137 -2.36645 11.7185 -12.8962  
RT 0.980029 0.198714 -0.00751564 0.198855 -0.979254 0.0389722 0.000384594 -0.0396884 -0.999212 -1.7913 12.6413 -11.8193  
RT 0.980934 0.19188 0.0308421 0.191144 -0.981236 0.0252808 0.0351143 -0.0189035 -0.999205 -1.21938 11.194 -12.6936  
RT 0.971043 0.234196 -0.0471938 0.234445 -0.972129 -0.00025827 -0.0459389 -0.0108135 -0.998886 -1.72078 12.3069 -12.4429  
RT 0.961351 0.275184 -0.00879812 0.275145 -0.961388 -0.00531542 -0.00992112 0.00268923 -0.999947 -1.53977 12.6186 -12.7614  
RT 0.982108 0.188318 -0.000999852 0.188307 -0.982086 -0.00693993 -0.00228886 0.00662748 -0.999975 -2.15779 12.5951 -12.12  
RT 0.982756 0.178007 -0.0500427 0.176546 -0.983763 -0.0322738 -0.0549751 0.0228824 -0.998225 -1.89358 11.8002 -12.7697  
RT 0.962206 0.27227 0.00536312 0.27232 -0.961934 -0.0228996 -0.00107588 0.0234946 -0.999723 -1.85688 12.5685 -12.6626  
RT 0.96007 0.278242 -0.0290928 0.276709 -0.959768 -0.0477173 -0.0411993 0.0377617 -0.998437 -2.7292 12.4766 -12.9681  
RT 0.95275 0.302974 0.0217674 0.30361 -0.952063 -0.0373669 0.00940271 0.0422101 -0.999065 -2.27155 12.2053 -12.4964  
RT 0.952416 0.30307 0.0324305 0.304261 -0.951662 -0.0420139 0.0181297 0.0498821 -0.998591 -2.21442 11.756 -12.7106  
RT 0.956969 0.289868 0.013685 0.290159 -0.956495 -0.0304064 0.00427578 0.0330688 -0.999444 -1.67819 13.032 -12.6209  
RT 0.955234 0.294758 0.0254 0.293753 -0.955166 0.0369774 0.0351606 -0.0278607 -0.998993 -1.91636 12.3164 -12.1041  
RT 0.950208 0.30122 -0.0798175 0.307281 -0.948307 0.0793281 -0.0517963 -0.0999046 -0.993648 -3.41556 12.6444 -11.9738  
RT 0.982058 0.179159 -0.0588596 0.179458 -0.983766 -0.000211513 -0.0579419 -0.0103551 -0.998266 -1.94857 11.6509 -12.381  
RT 0.96151 0.273914 -0.0216802 0.274644 -0.960468 0.0455095 -0.00835743 -0.0497121 -0.998729 -2.36332 12.2758 -12.5245  
RT 0.959659 0.281123 -0.00497782 0.280916 -0.9594 -0.0252529 -0.0118749 0.0228358 -0.999669 -2.25372 12.4031 -12.4297  
RT 0.957695 0.287183 -0.0186058 0.282104 -0.949609 -0.136599 -0.056897 0.125571 -0.990452 -2.30733 11.5858 -13.5267  
RT 0.985883 0.16371 -0.0351303 0.16663 -0.979868 0.109965 -0.0164207 -0.114266 -0.993314 -1.42952 11.6556 -12.1077  
RT 0.981838 0.185574 -0.039461 0.18707 -0.981598 0.0383438 -0.0316193 -0.0450294 -0.998485 -1.74815 12.0018 -12.2583  
RT 0.995586 0.0925587 -0.0155487 0.0937506 -0.988565 0.118111 -0.00443872 -0.119047 -0.992879 -0.749187 11.9246 -11.8349  
RT 0.943431 0.325689 -0.0621652 0.328294 -0.943834 0.037434 -0.0464818 -0.0557249 -0.997364 -3.15189 11.9412 -12.3252  
RT 0.976508 0.212978 -0.0327458 0.214685 -0.974648 0.0630255 -0.0184926 -0.068575 -0.997475 -1.98722 12.4432 -12.4738  
RT 0.986169 0.165733 0.00184651 0.164348 -0.976365 -0.140359 -0.0214593 0.138721 -0.990099 -2.00098 11.0901 -12.9662  
RT 0.957034 0.288397 0.0302051 0.288651 -0.957425 -0.00433306 0.0276695 0.0128656 -0.999534 -2.40264 12.6827 -12.2657  
RT 0.967391 0.25171 -0.0282402 0.253105 -0.96491 0.0698973 -0.00965545 -0.0747658 -0.997154 -1.49334 12.5277 -12.512  
RT 0.971635 0.236483 -0.00100566 0.236168 -0.970546 -0.0476011 -0.0122329 0.0460134 -0.998866 -2.24006 12.6986 -12.7463  
RT 0.977843 0.209263 0.00560178 0.208523 -0.976044 0.0621027 0.0184634 -0.0595587 -0.998054 -1.51293 12.6536 -12.1566  
RT 0.962724 0.269515 0.0229013 0.269547 -0.962986 0.00174954 0.0225251 0.00448865 -0.999736 -2.23432 12.7896 -12.3854  
RT 0.961211 0.2743 -0.0288783 0.273031 -0.961116 -0.041344 -0.0390961 0.0318556 -0.998728 -2.65207 12.4656 -12.7315  
RT 0.979585 0.200787 -0.00991236 0.201003 -0.97909 0.0313295 -0.00341453 -0.0326823 -0.99946 -1.69132 12.3831 -12.0216  
RT 0.984048 0.174464 -0.0347992 0.174244 -0.984659 -0.00928304 -0.0358849 0.00307142 -0.999351 -1.68695 12.6179 -11.9712  
RT 0.989531 0.139159 -0.0382427 0.138837 -0.990255 -0.0109511 -0.039394 0.00552696 -0.999208 -1.6189 12.5869 -11.8097  
RT 0.96037 0.266584 -0.0813775 0.269022 -0.962917 0.0204313 -0.0729131 -0.0415139 -0.996474 -2.84817 11.8265 -13.1917  
RT 0.958288 0.277302 -0.0691978 0.279859 -0.959563 0.0302955 -0.0579986 -0.0483974 -0.997143 -2.75161 11.9827 -13.1083  
RT 0.961172 0.26589 -0.073836 0.26877 -0.962669 0.0320968 -0.0625454 -0.0506954 -0.996754 -2.80428 12.1171 -12.9787  
RT 0.958144 0.27501 -0.0795637 0.278202 -0.959987 0.0320726 -0.0675598 -0.052865 -0.996314 -2.73408 11.9322 -13.1428  
RT 0.957401 0.279664 -0.0719095 0.281756 -0.959265 0.0205929 -0.0632212 -0.0399766 -0.997199 -2.74088 11.8465 -13.0969  
RT 0.971392 0.236541 0.0211141 0.236707 -0.971564 -0.00569633 0.0191663 0.0105312 -0.999761 -1.89436 12.1129 -12.1782  
RT 0.985892 0.160701 0.046818 0.165088 -0.979719 -0.113565 0.0276185 0.119692 -0.992427 -1.453 11.8499 -13.0502  
RT 0.960811 0.277167 0.00449484 0.276044 -0.955186 -0.10686 -0.0253247 0.103913 -0.994264 -1.98862 11.7297 -13.243  
RT 0.960061 0.279759 0.00431581 0.279733 -0.959425 -0.0354062 -0.0057645 0.0351993 -0.999364 -2.2843 12.6393 -12.1425  
RT 0.975958 0.207974 -0.0652119 0.20615 -0.977943 -0.0336242 -0.0707664 0.0193723 -0.997305 -1.98982 11.7845 -13.0362  
RT 0.959373 0.281346 0.0211545 0.281684 -0.959388 -0.0151411 0.0160355 0.0204848 -0.999662 -1.71668 12.8406 -12.0974  
RT 0.968473 0.248989 0.00800161 0.24908 -0.968384 -0.0138352 0.00430383 0.015392 -0.999872 -1.81078 12.7563 -12.064  
RT 0.984542 0.175094 -0.00446724 0.1737 -0.979341 -0.103536 -0.0225034 0.101159 -0.994616 -2.11851 11.3046 -12.7523  
RT 0.973157 0.204326 -0.105909 0.192742 -0.975053 -0.110098 -0.125762 0.0867292 -0.988262 -2.83388 11.2438 -12.8711  
RT 0.973614 0.226309 -0.0293108 0.227892 -0.970911 0.0734607 -0.0118333 -0.0782021 -0.996867 -2.25544 11.9258 -11.6665  
RT 0.966465 0.255746 -0.0232409 0.255642 -0.966743 -0.00737657 -0.0243545 0.00118784 -0.999703 -1.42781 12.6839 -12.8199  
RT 0.973315 0.224236 -0.0487524 0.225241 -0.97417 0.0161172 -0.0438791 -0.0266682 -0.998681 -2.28386 12.2827 -12.4211  
RT 0.980251 0.184365 -0.0715404 0.180906 -0.982114 -0.0521942 -0.0798837 0.0382213 -0.996071 -2.51739 11.844 -12.4904  
RT 0.958317 0.282622 0.0418694 0.284748 -0.956786 -0.0589842 0.0233898 0.0684478 -0.99738 -1.66076 12.4893 -12.5846  
RT 0.970557 0.240293 -0.0166866 0.240826 -0.966688 0.0866993 0.00470253 -0.0881652 -0.996095 -1.8313 12.1336 -11.8618  
RT 0.969539 0.242345 -0.0355444 0.238009 -0.966411 -0.0969605 -0.0578484 0.0855471 -0.994653 -1.68489 11.2674 -13.504  
RT 0.960498 0.207451 0.185494 0.211594 -0.977354 -0.00260107 0.180754 0.0417479 -0.982642 -0.604922 12.6726 -11.1385  
RT 0.950518 0.30098 -0.0769811 0.300403 -0.953618 -0.0192449 -0.079203 -0.00483273 -0.996847 -2.53881 12.3341 -12.1622  
RT 0.970529 0.237695 -0.0396842 0.23787 -0.971297 -0.000316956 -0.0386205 -0.00913207 -0.999212 -1.79357 12.5409 -12.7482  
RT 0.980328 0.197372 0.00111009 0.196725 -0.97754 0.0755963 0.0160057 -0.0738908 -0.997138 -1.35134 12.5506 -11.9346  
RT 0.969666 0.244338 0.00677351 0.244429 -0.969414 -0.0221741 0.00114835 0.0231571 -0.999731 -1.93056 12.4032 -12.7747  
RT 0.954188 0.288252 -0.0802223 0.289794 -0.957055 0.00805211 -0.0744562 -0.0309312 -0.996744 -2.87068 11.9417 -12.3131  
RT 0.948461 0.281082 -0.146336 0.279063 -0.95965 -0.0345768 -0.15015 -0.00804207 -0.988631 -2.98561 11.711 -12.7883  
RT 0.982301 0.187306 0.000718804 0.185944 -0.974681 -0.124181 -0.0225593 0.122117 -0.992259 -2.13856 11.2615 -12.8218  
RT 0.955637 0.294546 0.000928958 0.29438 -0.955193 0.030786 0.00995524 -0.0291468 -0.999526 -2.15698 11.1163 -12.3683  
RT 0.981394 0.191675 -0.0112197 0.188452 -0.972783 -0.134829 -0.0367578 0.130207 -0.990805 -2.56272 12.0583 -13.3579  
RT 0.976645 0.200022 -0.078461 0.20086 -0.979616 0.00285882 -0.0762898 -0.0185517 -0.996913 -1.94468 11.8302 -13.132  
RT 0.978279 0.190686 -0.0812959 0.185516 -0.98035 -0.0670723 -0.0924882 0.0505337 -0.994431 -1.61131 12.0754 -13.5942  
RT 0.986952 0.16075 -0.0092491 0.15992 -0.985309 -0.0599381 -0.0187482 0.0576769 -0.998159 -2.20059 11.8441 -12.1227  
RT 0.986792 0.161536 0.0121464 0.160561 -0.985266 0.0589107 0.0214837 -0.0561823 -0.998189 -0.854127 11.9136 -12.3108  
RT 0.961132 0.27596 0.00845992 0.275592 -0.960787 0.0306186 0.0165777 -0.027097 -0.999495 -2.06345 12.5249 -11.862  
RT 0.972373 0.227946 -0.0503116 0.226154 -0.973314 -0.0389035 -0.0578369 0.0264505 -0.997976 -2.26067 12.1346 -13.2485  
RT 0.969877 0.241474 -0.0320805 0.242095 -0.970103 0.017053 -0.0270035 -0.0243058 -0.99934 -2.41077 12.2522 -12.6616  
RT 0.969181 0.246264 -0.00654129 0.245123 -0.966658 -0.0740718 -0.0245644 0.0701856 -0.997231 -1.79544 12.0332 -13.1279  
RT 0.98164 0.177747 -0.0692005 0.174382 -0.983304 -0.0520087 -0.0772895 0.0389865 -0.996246 -1.77896 12.2583 -13.0777  
RT 0.969091 0.242127 -0.047308 0.241962 -0.970241 -0.00927096 -0.0481449 -0.00246233 -0.998837 -2.27852 11.9399 -12.6165  
RT 0.978245 0.2074 -0.00461944 0.207281 -0.978103 -0.0186969 -0.00839602 0.0173326 -0.999815 -1.5967 12.0162 -12.779  
RT 0.985932 0.164476 -0.029755 0.164102 -0.986335 -0.0146148 -0.0317522 0.00952636 -0.99945 -1.63666 11.8142 -12.797  
RT 0.972717 0.228723 0.0388227 0.230034 -0.972606 -0.0335073 0.0300953 0.0415237 -0.998684 -1.93871 12.4875 -11.8936  
RT 0.973457 0.227 0.0292026 0.227892 -0.973158 -0.0320839 0.0211357 0.0378874 -0.999058 -1.98621 12.3886 -11.7034  
RT 0.985584 0.16804 -0.0196811 0.167345 -0.985351 -0.032838 -0.0249109 0.029071 -0.999267 -2.52263 11.4586 -12.2766  
RT 0.972032 0.234404 -0.0144293 0.230902 -0.96511 -0.123475 -0.0428689 0.11669 -0.992243 -2.08995 11.9041 -13.4119  
RT 0.965441 0.243554 -0.0927684 0.250672 -0.965181 0.0747607 -0.07133 -0.0954314 -0.992877 -2.68524 12.2527 -12.0991  
RT 0.976932 0.194546 0.0880684 0.202564 -0.974776 -0.0936968 0.0676186 0.109375 -0.991698 -0.821773 11.3806 -12.414  
RT 0.972814 0.231273 0.0120539 0.231281 -0.967534 -0.101914 -0.0119074 0.101931 -0.99472 -2.24688 11.3912 -12.6635  
RT 0.95096 0.309096 0.0116421 0.309309 -0.950038 -0.0419116 -0.00189423 0.0434572 -0.999053 -2.40019 12.1107 -12.8957  
RT 0.962049 0.272833 -0.00480154 0.272592 -0.961703 -0.0286655 -0.0124385 0.0262687 -0.999578 -2.1216 11.905 -12.4091  
RT 0.972814 0.231273 0.0120539 0.231281 -0.967534 -0.101914 -0.0119074 0.101931 -0.99472 -2.24688 11.3912 -12.6635  
RT 0.980949 0.188928 0.0452244 0.189839 -0.981673 -0.0167349 0.0412338 0.0250015 -0.998837 -1.51143 12.1122 -12.3467  
RT 0.965838 0.255793 0.0415621 0.258339 -0.963022 -0.0764845 0.020461 0.0846087 -0.996204 -1.90109 11.8928 -13.1588  
RT 0.975356 0.220635 0.000899883 0.21995 -0.97199 -0.0828116 -0.0173964 0.0809687 -0.996565 -1.5565 11.8299 -13.4838  
RT 0.964235 0.264873 0.00960742 0.264593 -0.959825 -0.0934197 -0.015523 0.0926207 -0.99558 -1.82146 11.6525 -13.3481  
RT 0.984551 0.174181 -0.017874 0.173384 -0.984073 -0.0392109 -0.0244191 0.0355061 -0.999071 -2.54065 11.4426 -12.1634  
RT 0.955458 0.294736 -0.0151874 0.29172 -0.950972 -0.102721 -0.0447184 0.0937151 -0.994594 -2.30656 11.9615 -13.5019  
RT 0.971769 0.235915 0.00300863 0.235895 -0.971295 -0.0306583 -0.00431048 0.0305025 -0.999525 -2.37131 11.9203 -12.2281  
RT 0.969669 0.211621 -0.122308 0.207791 -0.977209 -0.0434142 -0.128708 0.0166829 -0.991542 -3.30153 12.0251 -12.9279  
RT 0.96439 0.263833 -0.0185515 0.262723 -0.963689 -0.0477503 -0.0304759 0.041176 -0.998687 -2.64852 12.0102 -12.8665  
RT 0.954513 0.296535 0.0311845 0.297804 -0.953295 -0.0504127 0.0147789 0.0574065 -0.998241 -2.13428 12.2374 -12.7166  
RT 0.965107 0.258552 0.0414717 0.258932 -0.965887 -0.00399258 0.0390247 0.0145916 -0.999132 -1.80788 12.7697 -12.2839  
RT 0.957896 0.286156 -0.0234549 0.284379 -0.956847 -0.0597719 -0.0395469 0.0505852 -0.997936 -2.44642 12.5389 -12.6521  
RT 0.963646 0.267176 -0.00154299 0.266818 -0.962621 -0.0465656 -0.0139265 0.0444611 -0.998914 -2.27771 12.4878 -12.4812  
RT 0.958413 0.285291 -0.00730401 0.284351 -0.956806 -0.0605565 -0.0242647 0.0559612 -0.998138 -2.52847 12.5187 -12.6402  
RT 0.970208 0.242269 -0.00144459 0.240945 -0.965495 -0.0988226 -0.0253364 0.0955304 -0.995104 -1.75208 11.675 -13.7017  
RT 0.970511 0.241056 0.000329183 0.240679 -0.968915 -0.0572415 -0.0134794 0.0556328 -0.99836 -1.83 11.4843 -12.7753  
RT 0.965558 0.257415 -0.0378851 0.256159 -0.966 -0.0350222 -0.0456123 0.0241114 -0.998668 -2.63372 12.3365 -12.6758  
RT 0.960075 0.27623 -0.0441976 0.276549 -0.960999 0.00114655 -0.0421571 -0.0133236 -0.999022 -2.38194 11.8725 -12.5101  
RT 0.929441 0.36689 -0.039121 0.368296 -0.928919 0.0383051 -0.0222865 -0.0500104 -0.9985 -2.89802 12.5434 -12.5375  
RT 0.958952 0.281042 0.0377709 0.281491 -0.959538 -0.00704977 0.0342613 0.0173926 -0.999262 -2.5981 13.151 -11.9213  
RT 0.967834 0.199584 0.153177 0.201527 -0.979479 0.00289517 0.150612 0.0280673 -0.988194 -0.590551 12.3403 -11.556  
RT 0.984234 0.176808 -0.00473794 0.17623 -0.98259 -0.0588156 -0.0150545 0.0570533 -0.998258 -1.41253 12.4497 -12.5203  
RT 0.962962 0.266438 -0.0414132 0.265645 -0.96378 -0.0236903 -0.0462252 0.0118116 -0.998861 -2.52175 12.2605 -12.6221  
RT 0.967708 0.246686 -0.0518338 0.247443 -0.968864 0.00863705 -0.0480892 -0.021184 -0.998618 -2.45991 12.5949 -12.4408  
RT 0.962076 0.224677 -0.15469 0.227316 -0.973821 -0.000645714 -0.150785 -0.0345423 -0.987963 -2.91365 11.6711 -12.833  
RT 0.97006 0.241918 -0.0214446 0.241427 -0.970143 -0.0231449 -0.0264035 0.0172746 -0.999502 -2.56248 11.9852 -12.3903  
RT 0.97075 0.228466 -0.0738117 0.230971 -0.972578 0.0272944 -0.0655518 -0.0435444 -0.996899 -2.26213 12.1033 -12.2978  
RT 0.987775 0.155078 0.0158646 0.155164 -0.987879 -0.00432441 0.0150017 0.00673316 -0.999865 -1.864 11.9972 -11.8328  
RT 0.970715 0.240178 0.00518202 0.240186 -0.970727 -0.000931195 0.00480667 0.00214857 -0.999986 -2.27316 12.6935 -12.1854  
RT 0.963332 0.268251 0.00577802 0.268209 -0.963334 0.00712593 0.0074777 -0.00531492 -0.999958 -2.4797 12.7778 -12.2751  
RT 0.986503 0.163333 0.0116195 0.163487 -0.986449 -0.0138119 0.00920614 0.0155251 -0.999837 -2.06599 11.9064 -11.9781  
RT 0.956831 0.287823 -0.0403915 0.288371 -0.957482 0.00833744 -0.0362745 -0.0196253 -0.999149 -2.67512 11.5375 -12.7223  
RT 0.97695 0.213033 -0.0136189 0.20972 -0.969747 -0.124934 -0.039822 0.119198 -0.992072 -2.56787 11.91 -12.8118  
RT 0.968396 0.249395 0.00329926 0.248515 -0.963686 -0.0977207 -0.0211916 0.0954523 -0.995208 -2.49376 12.2584 -12.6525  
RT 0.98222 0.159161 -0.0995541 0.162202 -0.986485 0.0231843 -0.0945186 -0.03892 -0.994762 -2.72013 12.0342 -12.6652  
RT 0.982622 0.157377 -0.09842 0.160237 -0.986837 0.0218183 -0.0936909 -0.0372097 -0.994906 -2.62888 12.118 -12.6276  
RT 0.990056 0.13308 -0.0455924 0.126739 -0.984478 -0.12141 -0.061042 0.114425 -0.991555 -2.77969 11.5004 -13.1331  
RT 0.957934 0.285413 0.0300334 0.283475 -0.957336 0.0561171 0.0447686 -0.0452427 -0.997972 -1.97869 12.7059 -11.8897  
RT 0.974281 0.224101 -0.0235809 0.223096 -0.974016 -0.0390023 -0.0317087 0.0327384 -0.998961 -1.80671 11.6716 -12.903  
RT 0.970598 0.240071 -0.0174998 0.239294 -0.970211 -0.037795 -0.026052 0.0324962 -0.999132 -1.9049 11.8576 -12.871  
RT 0.954168 0.298539 -0.0209313 0.29791 -0.954164 -0.0286424 -0.0285227 0.021094 -0.999371 -2.06282 12.2014 -12.8752  
RT 0.975971 0.207169 -0.0675443 0.204426 -0.977831 -0.0453385 -0.0754397 0.0304412 -0.996686 -2.66546 11.9533 -12.5856  
RT 0.9953 0.0955254 0.0159163 0.0965954 -0.990992 -0.0927632 0.00691165 0.0938646 -0.995561 -2.19754 12.0052 -11.9472  
RT 0.95872 0.283011 0.0275925 0.281125 -0.957944 0.0575536 0.0427203 -0.0474209 -0.997961 -1.66564 11.927 -12.515  
RT 0.978188 0.206713 0.0204688 0.207718 -0.972649 -0.10396 -0.00158091 0.105944 -0.994371 -2.18459 11.3441 -12.6357  
RT 0.976995 0.212591 0.0168991 0.21315 -0.970843 -0.10969 -0.0069128 0.110769 -0.993822 -2.2484 11.2837 -12.6928  
RT 0.942551 0.333735 -0.0147805 0.333585 -0.942647 -0.011702 -0.0178381 0.0060992 -0.999822 -2.93613 12.8452 -12.519  
RT 0.941796 0.335907 -0.0136889 0.335768 -0.941875 -0.0114398 -0.0167359 0.00617763 -0.999841 -2.94196 12.8363 -12.5199  
RT 0.967102 0.252812 0.0282895 0.253276 -0.96729 -0.0142039 0.0237733 0.0209017 -0.999499 -1.88829 12.148 -12.3291  
RT 0.951382 0.306696 -0.0284491 0.307931 -0.94919 0.0649457 -0.00708507 -0.0705485 -0.997483 -2.61088 13.0243 -11.9155  
RT 0.959631 0.272272 0.0705509 0.277924 -0.956461 -0.0891158 0.0432154 0.105126 -0.993519 -1.92217 12.0864 -12.6396  
RT 0.977872 0.209108 -0.00640175 0.208827 -0.977484 -0.0302783 -0.012589 0.0282714 -0.999521 -1.63523 12.7914 -12.8003  
RT 0.961875 0.270041 0.0432925 0.271611 -0.961745 -0.0356866 0.0319995 0.0460848 -0.998425 -1.73275 12.4615 -12.2402  
RT 0.962835 0.266169 0.0458496 0.267864 -0.962789 -0.035874 0.034595 0.0468222 -0.998304 -1.68121 12.4209 -12.2868  
RT 0.967335 0.249623 0.0441636 0.251901 -0.966069 -0.0570586 0.028422 0.0663197 -0.997394 -1.61269 12.4531 -12.2745  
RT 0.963558 0.261825 0.0547992 0.261727 -0.965099 0.00907292 0.0552622 0.00560016 -0.998456 -1.67689 12.8835 -11.6698  
RT 0.939103 0.343621 -0.00325391 0.343591 -0.938783 0.0251435 0.00558509 -0.0247303 -0.999679 -2.05744 11.8162 -12.5279  
RT 0.940772 0.339034 -0.00190736 0.339005 -0.94058 0.0196008 0.00485133 -0.0190865 -0.999806 -1.94668 11.6198 -12.0543  
RT 0.942254 0.334879 0.0036009 0.334684 -0.94198 0.0257003 0.0119985 -0.023011 -0.999663 -1.89294 11.8796 -12.5189  
RT 0.939014 0.342311 0.0327925 0.341321 -0.939392 0.0322847 0.0418564 -0.019123 -0.998941 -2.34347 12.4953 -12.2412  
RT 0.981917 0.183421 -0.0468563 0.181766 -0.982628 -0.0374658 -0.0529143 0.0282714 -0.998199 -1.55505 11.5952 -13.0534  
RT 0.948359 0.316356 -0.0231218 0.315993 -0.948589 -0.0180713 -0.02765 0.00983174 -0.999569 -2.41522 12.6133 -12.482  
RT 0.978717 0.204432 -0.0178934 0.203739 -0.978418 -0.034463 -0.0245526 0.0300839 -0.999246 -2.46082 11.942 -12.8379  
RT 0.967967 0.240357 -0.0725888 0.239649 -0.970684 -0.0184465 -0.0748945 0.000459852 -0.997191 -2.73541 12.1548 -12.9945  
RT 0.967317 0.253381 -0.00975272 0.253435 -0.967341 0.00472078 -0.00823805 -0.00703818 -0.999941 -1.81588 12.1684 -12.4939  
RT 0.964204 0.254336 -0.0749976 0.246127 -0.96367 -0.103739 -0.0986574 0.0815662 -0.991773 -2.79191 11.605 -13.7206  
RT 0.972305 0.230154 -0.0406528 0.228134 -0.972403 -0.0488623 -0.0507768 0.0382348 -0.997978 -2.51319 12.2585 -13.2026  
RT 0.978366 0.18732 -0.0878119 0.182536 -0.981383 -0.0597342 -0.0973665 0.0424131 -0.994344 -2.33825 11.8422 -13.4821  
RT 0.981607 0.168458 -0.089825 0.168066 -0.985703 -0.0119673 -0.0905567 -0.00334936 -0.995886 -2.01469 11.8583 -12.9771  
RT 0.978535 0.1721 -0.113362 0.171759 -0.985055 -0.0128367 -0.113877 -0.00690983 -0.993471 -1.453 11.591 -13.2127  
RT 0.965931 0.245169 -0.082879 0.246753 -0.969034 0.00928638 -0.0780358 -0.0294206 -0.996516 -2.32358 11.8779 -12.8892  
RT 0.96503 0.252399 -0.0707872 0.253959 -0.967116 0.0138221 -0.0649708 -0.0313158 -0.997396 -2.6078 12.1317 -12.5534  
RT 0.967877 0.246502 -0.0495146 0.246131 -0.969142 -0.0135408 -0.0513245 0.000918701 -0.998682 -1.96414 12.237 -13.0711  
RT 0.965754 0.254803 -0.0489295 0.255178 -0.966893 0.00147496 -0.0469337 -0.0139102 -0.998801 -2.04096 12.2704 -13.0162  
RT 0.962598 0.267209 -0.0447617 0.267405 -0.963583 -0.00165973 -0.0435751 -0.0103719 -0.998996 -2.2172 12.2372 -12.9738  
RT 0.964643 0.258246 -0.0526502 0.259046 -0.965825 0.00885096 -0.0485651 -0.0221768 -0.998574 -2.14747 12.2451 -12.9209  
RT 0.971107 0.228102 -0.0701491 0.229664 -0.973155 0.0149777 -0.0648495 -0.0306557 -0.997424 -2.42883 12.2134 -12.3914  
RT 0.947103 0.319319 -0.0321208 0.320877 -0.944013 0.0766588 -0.00584385 -0.0829106 -0.99654 -2.19684 12.6569 -11.8451  
RT 0.930551 0.308535 -0.19718 0.309685 -0.95049 -0.0257755 -0.19537 -0.0370783 -0.980028 -3.39387 11.443 -13.1618  
RT 0.970771 0.240006 -0.000415406 0.239954 -0.970596 -0.0191087 -0.00498938 0.0184505 -0.999817 -2.4112 12.1229 -12.0991  
RT 0.975712 0.198734 -0.0921509 0.199558 -0.979886 -0.000283675 -0.0903538 -0.0181126 -0.995745 -2.73679 12.2356 -12.6973  
RT 0.972132 0.234407 0.00352592 0.234431 -0.971939 -0.0193921 -0.00111866 0.0196782 -0.999806 -2.31635 12.0993 -12.0141  
RT 0.97501 0.214323 -0.0584944 0.211734 -0.976176 -0.0474246 -0.067265 0.0338541 -0.997161 -2.76328 11.5402 -12.528  
RT 0.943696 0.327161 -0.0490195 0.320815 -0.941226 -0.105693 -0.0807171 0.0840158 -0.99319 -2.52285 11.6884 -13.4979  
RT 0.985028 0.172391 0.000498813 0.172344 -0.984681 -0.0264754 -0.00407296 0.026165 -0.999649 -1.66697 12.2328 -12.5965  
RT 0.957524 0.28813 0.0113998 0.288336 -0.956262 -0.0492379 -0.00328567 0.0504335 -0.998722 -2.38888 12.3925 -12.4264  
RT 0.962363 0.208197 0.174673 0.222929 -0.972373 -0.0692381 0.155432 0.105572 -0.982189 -1.02688 11.4421 -11.3559  
RT 0.953921 0.281093 -0.10498 0.285741 -0.957775 0.0319146 -0.0915761 -0.0604411 -0.993962 -3.41865 12.2497 -12.5458  
RT 0.955596 0.275654 -0.104171 0.281 -0.958856 0.0404165 -0.0887441 -0.067894 -0.993738 -3.36274 12.2905 -12.538  
RT 0.954315 0.28056 -0.102802 0.284813 -0.958143 0.0290307 -0.0903543 -0.0569838 -0.994278 -3.45797 12.3395 -12.5548  
RT 0.97288 0.229389 0.0297586 0.228608 -0.973131 0.0274569 0.0352573 -0.0199093 -0.99918 -1.65754 12.4177 -12.0815  
RT 0.961715 0.273793 0.0118872 0.274046 -0.961045 -0.0359177 0.00159008 0.0378002 -0.999284 -2.22857 12.7241 -12.091  
RT 0.966389 0.256996 -0.00676113 0.256265 -0.965071 -0.0544635 -0.0205219 0.0509003 -0.998493 -2.02266 12.5835 -12.4077  
RT 0.964018 0.261994 -0.0450298 0.259326 -0.964078 -0.0574688 -0.0584688 0.0437235 -0.997331 -2.48721 11.96 -12.9432  
RT 0.964044 0.260565 -0.0522056 0.259655 -0.965412 -0.0236263 -0.0565561 0.00922132 -0.998357 -2.36921 12.0641 -12.5751  
RT 0.957627 0.280385 -0.065836 0.278469 -0.959738 -0.0368511 -0.0735178 0.0169564 -0.99715 -2.77217 12.0744 -12.7568  
RT 0.956538 0.277368 -0.0900092 0.272766 -0.960196 -0.0601785 -0.103118 0.0330116 -0.994121 -2.25656 11.5576 -13.0416  
RT 0.963543 0.258918 0.067424 0.255668 -0.9653 0.0531927 0.0788569 -0.0340153 -0.996305 -1.64784 12.0497 -11.3084  
RT 0.963563 0.264948 0.0367334 0.265495 -0.964051 -0.0108318 0.032543 0.0201897 -0.999266 -2.07297 11.9717 -11.9888  
RT 0.974357 0.201005 -0.101121 0.200857 -0.97955 -0.0117495 -0.101415 -0.00886268 -0.994805 -2.7661 12.1713 -12.7429  
RT 0.969667 0.225732 0.0937614 0.225969 -0.9741 0.00821567 0.0931875 0.0132207 -0.995561 -1.70049 11.9294 -11.3169  
RT 0.965821 0.255617 0.043007 0.256559 -0.966362 -0.0179436 0.0369737 0.0283641 -0.998914 -1.73456 12.7597 -12.4688  
RT 0.962796 0.270227 -0.00061911 0.270003 -0.962087 -0.0385598 -0.0110156 0.0369581 -0.999256 -2.27283 11.7157 -12.7995  
RT 0.968517 0.248913 -0.00409227 0.248316 -0.967101 -0.0552626 -0.0177132 0.0525066 -0.998463 -1.67635 11.8716 -12.866  
RT 0.971538 0.235978 -0.0207091 0.233173 -0.968068 -0.0920625 -0.0417725 0.0846134 -0.995538 -1.92043 11.6842 -13.2368  
RT 0.944338 0.326207 -0.0426106 0.32236 -0.943395 -0.0780389 -0.0656555 0.0599592 -0.996039 -2.68655 11.7477 -13.283  
RT 0.953168 0.299694 -0.0406646 0.297908 -0.953549 -0.0446653 -0.0521616 0.0304592 -0.998174 -2.69375 11.5957 -12.778  
RT 0.958675 0.283073 -0.0284965 0.281669 -0.958454 -0.0450504 -0.0400651 0.0351621 -0.998578 -2.47956 11.6733 -13.0265  
RT 0.956275 0.290689 -0.0322127 0.28917 -0.956234 -0.0446945 -0.043795 0.0334253 -0.998481 -2.55224 11.704 -13.0913  
RT 0.975549 0.218279 0.0256466 0.218216 -0.975886 0.0052689 0.0261783 0.00045644 -0.999657 -2.10818 12.5435 -12.2437  
RT 0.966416 0.251846 0.0511292 0.255067 -0.964287 -0.0713564 0.0313324 0.0820013 -0.99614 -1.92224 12.7319 -12.4527  
RT 0.9282 0.370871 -0.0299775 0.371694 -0.927894 0.0292776 -0.0169577 -0.0383179 -0.999122 -2.44942 11.003 -12.4048  
RT 0.971807 0.235576 0.00976125 0.235131 -0.971374 0.0338419 0.0174542 -0.0305926 -0.99938 -1.74458 12.2147 -12.069  
RT 0.983121 0.179805 -0.033817 0.175866 -0.979694 -0.0962865 -0.0504431 0.088714 -0.994779 -2.32911 11.255 -12.8321  
RT 0.977382 0.209983 -0.0251279 0.206591 -0.97342 -0.0988625 -0.0452195 0.0914352 -0.994784 -2.49905 11.3929 -12.802  
RT 0.975972 0.217325 0.0157837 0.217311 -0.965479 -0.143621 -0.0159735 0.1436 -0.989507 -2.16632 11.5341 -13.0928  
RT 0.975425 0.220106 -0.0099573 0.219442 -0.974552 -0.0457629 -0.0197766 0.0424532 -0.998903 -2.27778 11.4559 -12.1216  
RT 0.971586 0.236594 -0.0065732 0.235268 -0.96843 -0.0824144 -0.0258645 0.0785263 -0.996576 -2.55467 11.7121 -12.4873  
RT 0.975606 0.219346 -0.0090036 0.218606 -0.974438 -0.0517854 -0.0201324 0.0485539 -0.998618 -2.2793 11.4729 -12.2748  
RT 0.973894 0.226416 0.0163446 0.226973 -0.970022 -0.0868335 -0.00380582 0.0882763 -0.996089 -2.21144 11.8294 -12.4036  
RT 0.961693 0.265736 -0.0673115 0.266525 -0.963824 0.00285691 -0.0641173 -0.0206877 -0.997728 -2.50619 11.7947 -12.9049  
RT 0.957342 0.288957 -0.000482568 0.28882 -0.956832 0.0324916 0.00892695 -0.031245 -0.999472 -1.84607 11.7576 -12.4292  
RT 0.953743 0.297909 -0.0403112 0.299338 -0.953477 0.0357651 -0.027781 -0.0461773 -0.998547 -2.80636 12.3194 -12.0477  
RT 0.965898 0.255446 -0.0422905 0.253728 -0.966362 -0.0420369 -0.0516061 0.0298731 -0.998221 -2.37296 12.5941 -12.6533  
RT 0.976728 0.213424 0.0212711 0.212064 -0.975806 0.0532153 0.0321139 -0.047466 -0.998356 -1.5457 12.3154 -11.805  
RT 0.971536 0.236888 0.00137754 0.236873 -0.971368 -0.0183163 -0.00300081 0.0181212 -0.999831 -2.33182 12.0554 -12.0103  
RT 0.947448 0.31938 0.018408 0.319046 -0.94755 0.0189624 0.0234987 -0.0120929 -0.999651 -2.0148 12.113 -12.2952  
RT 0.983029 0.155461 -0.0973998 0.159243 -0.986711 0.0322911 -0.0910855 -0.0472533 -0.994721 -2.5921 12.1652 -12.4932  
RT 0.982398 0.156463 -0.102046 0.158527 -0.987277 0.0123932 -0.0988087 -0.0283522 -0.994702 -2.67887 12.0142 -12.7068  
RT 0.981043 0.165383 -0.101013 0.167289 -0.985851 0.010632 -0.0978258 -0.0273289 -0.994828 -2.7246 12.0491 -12.6512  
RT 0.981163 0.164207 -0.10176 0.166654 -0.985886 0.0159694 -0.0977016 -0.0326274 -0.994681 -2.71727 12.0651 -12.6866  
RT 0.974426 0.223168 0.0262652 0.221739 -0.973898 0.0485276 0.0364095 -0.0414625 -0.998476 -1.48443 12.3325 -11.9165  
RT 0.975896 0.217565 -0.0171198 0.217327 -0.975988 -0.0147398 -0.0199156 0.0106639 -0.999745 -2.07947 12.2229 -12.1913  
RT 0.958097 0.281923 -0.0506842 0.282463 -0.959271 0.00368224 -0.0475818 -0.0178444 -0.998708 -2.80755 12.6664 -12.5808  
RT 0.977448 0.209711 0.0248309 0.208219 -0.976683 0.0522987 0.0352195 -0.045949 -0.998323 -1.47866 12.381 -12.1334  
RT 0.978726 0.203873 0.0230452 0.202704 -0.978204 0.0450281 0.0317229 -0.0393988 -0.99872 -1.44303 12.3597 -12.1462  
RT 0.973518 0.221315 -0.0572886 0.221254 -0.975188 -0.00747605 -0.0575217 -0.00539727 -0.99833 -1.94359 12.4411 -13.0684  
RT 0.97781 0.196609 -0.0723284 0.198325 -0.979984 0.0172862 -0.067482 -0.0312472 -0.997231 -2.46915 12.1601 -12.7271  
RT 0.972251 0.232969 0.021293 0.232346 -0.972225 0.0281695 0.0272642 -0.0224405 -0.999376 -1.65424 12.4252 -12.0683  
RT 0.973624 0.227053 0.0224219 0.226271 -0.973512 0.0327941 0.029274 -0.0268557 -0.999211 -1.65124 12.4268 -12.0284  
RT 0.97322 0.228182 0.0278374 0.227493 -0.973436 0.0258848 0.0330043 -0.0188588 -0.999277 -1.68584 12.4294 -12.054  
RT 0.97288 0.229445 0.0293239 0.228608 -0.973077 0.029301 0.0352573 -0.0218027 -0.99914 -1.66171 12.4197 -12.0246  
RT 0.973636 0.226403 0.0278312 0.225879 -0.973934 0.020763 0.0318066 -0.0139291 -0.999397 -1.71016 12.327 -12.117  
RT 0.97344 0.22744 0.0262004 0.226749 -0.973581 0.0269081 0.0316282 -0.0202525 -0.999294 -1.71439 12.4262 -12.0392  
RT 0.970072 0.241643 0.0238596 0.240664 -0.969873 0.0377849 0.0322712 -0.0309119 -0.999001 -1.95528 13.307 -11.7588  
RT 0.969834 0.242798 0.0217036 0.241838 -0.969518 0.0393513 0.0305965 -0.0329155 -0.99899 -1.98467 13.2424 -11.6682  
RT 0.981531 0.189561 -0.0257649 0.18728 -0.979608 -0.0727563 -0.0390313 0.0665873 -0.997017 -1.90565 11.8474 -12.7246  
RT 0.979639 0.200674 0.00607286 0.200695 -0.978042 -0.0561668 -0.00533171 0.056242 -0.998403 -2.18641 12.1918 -12.03  
RT 0.98524 0.149117 0.0840617 0.159791 -0.977285 -0.139212 0.0613933 0.15059 -0.986688 -1.26104 11.5583 -12.5936  
RT 0.98748 0.150841 -0.0461546 0.150508 -0.988552 -0.0106266 -0.0472292 0.00354692 -0.998878 -1.64675 12.0882 -12.4523  
RT 0.987907 0.15365 0.0207687 0.155015 -0.976052 -0.152621 -0.00317888 0.153995 -0.988067 -1.7299 11.1564 -12.9456  
RT 0.972756 0.229044 0.0358427 0.230239 -0.972548 -0.0337711 0.0271237 0.0411034 -0.998787 -2.01724 12.4495 -11.8959  
RT 0.972904 0.229255 0.0300046 0.230188 -0.972602 -0.032549 0.0217205 0.0385737 -0.99902 -1.97832 12.4235 -11.6837  
RT 0.96919 0.242205 0.0447973 0.243088 -0.969883 -0.0153603 0.0397278 0.0257767 -0.998878 -1.63687 12.8415 -11.945  
RT 0.982039 0.159553 -0.100705 0.162667 -0.986402 0.0234607 -0.0955927 -0.0394208 -0.99464 -2.67835 12.0148 -12.5808  
RT 0.951831 0.305619 -0.024787 0.305967 -0.951971 0.0116253 -0.0200436 -0.0186493 -0.999625 -2.5185 12.5714 -12.2565  
RT 0.949239 0.314529 -0.00412842 0.314544 -0.949236 0.00361169 -0.00278287 -0.00472693 -0.999985 -2.42348 12.1117 -12.1922  
RT 0.95518 0.286107 0.0759913 0.286974 -0.957938 -0.000505434 0.0726504 0.0222903 -0.997108 -1.26297 12.4163 -12.3872  
RT 0.945615 0.283521 -0.159461 0.282856 -0.958773 -0.0273383 -0.160637 -0.0192529 -0.986826 -2.92048 11.9734 -12.8332  
RT 0.97151 0.236975 0.00318671 0.236992 -0.971315 -0.0195569 -0.00153919 0.0197549 -0.999804 -2.38109 12.0831 -12.1099  
RT 0.98259 0.183806 -0.0270636 0.184557 -0.982409 0.028471 -0.0213543 -0.0329701 -0.999228 -1.51335 12.2453 -12.1468  
RT 0.973556 0.227444 0.0213941 0.22826 -0.972278 -0.0507193 0.00926527 0.0542615 -0.998484 -1.69329 12.0592 -12.6365  
RT 0.968024 0.244965 -0.054047 0.245166 -0.969476 -0.0029697 -0.0531248 -0.0103758 -0.998534 -1.89343 11.9527 -12.6811  
RT 0.960233 0.277059 0.0345016 0.279081 -0.956067 -0.0897226 0.00812741 0.0957834 -0.995369 -2.3727 12.075 -12.7904  
RT 0.97755 0.191497 0.0878917 0.185828 -0.980173 0.0687618 0.0993167 -0.0508854 -0.993754 -1.04314 11.8268 -12.066  
RT 0.956672 0.289142 -0.0342799 0.289941 -0.956811 0.0211364 -0.026688 -0.0301597 -0.999189 -2.24804 11.9348 -12.7697  
RT 0.977977 0.20777 0.0198234 0.207932 -0.978122 -0.00643455 0.0180528 0.0104148 -0.999783 -1.68701 11.961 -11.9421  
RT 0.979832 0.198851 0.0197055 0.198914 -0.980016 -0.00127417 0.0190583 0.00516818 -0.999805 -1.80817 11.9645 -11.7752  
RT 0.980787 0.193462 0.0250825 0.193674 -0.981046 -0.00629099 0.02339 0.011028 -0.999666 -1.74093 11.9529 -11.8856  
RT 0.947028 0.306766 0.0950386 0.301754 -0.951262 0.0636073 0.109919 -0.0315596 -0.993439 -1.99979 11.0366 -13.0213  
RT 0.947369 0.303544 0.10175 0.298833 -0.952474 0.0590949 0.114852 -0.0255784 -0.993053 -1.96567 11.0678 -13.1473  
RT 0.947387 0.303794 0.100834 0.297757 -0.952021 0.0706813 0.117469 -0.0369383 -0.992389 -1.99212 11.0468 -13.0185  
RT 0.974435 0.22153 -0.037441 0.223864 -0.971473 0.078266 -0.0190346 -0.0846468 -0.996229 -1.78697 12.0646 -11.6898  
RT 0.974584 0.221212 -0.0353868 0.223342 -0.971737 0.076459 -0.017473 -0.082419 -0.996445 -1.76452 12.0344 -11.7209  
RT 0.974524 0.222009 -0.0318615 0.223808 -0.971841 0.0737228 -0.0145972 -0.0789755 -0.99677 -1.77332 12.065 -11.7676  
RT 0.974672 0.221305 -0.032222 0.223169 -0.971811 0.0760214 -0.0144898 -0.0812869 -0.996585 -1.75918 12.0344 -11.8089  
RT 0.97495 0.219324 -0.037011 0.221556 -0.972295 0.0745383 -0.0196375 -0.0808711 -0.996531 -1.8143 12.0501 -11.6717  
RT 0.973881 0.209639 0.0872224 0.22008 -0.966032 -0.135449 0.0558643 0.151107 -0.986938 -1.8476 11.7195 -12.7155  
RT 0.980867 0.187068 -0.0539091 0.187892 -0.982133 0.0105848 -0.0509658 -0.0205114 -0.99849 -2.40287 12.0011 -12.3774  
RT 0.983136 0.182744 0.00688863 0.182849 -0.982929 -0.0203999 0.00304306 0.0213155 -0.999768 -1.76419 11.9961 -11.9483  
RT 0.983049 0.183258 0.0056208 0.183334 -0.98286 -0.0193409 0.00198008 0.0200436 -0.999797 -1.74699 11.9974 -11.9137  
RT 0.982719 0.184974 0.00694918 0.185092 -0.982399 -0.0251558 0.00217369 0.0260073 -0.999659 -1.78045 11.9698 -11.9387  
RT 0.982095 0.188384 0.000491891 0.188364 -0.981946 -0.0173825 -0.00279157 0.0171639 -0.999849 -1.72275 11.8823 -11.782  
RT 0.983107 0.183027 0.00129604 0.182954 -0.982458 -0.0361233 -0.00533823 0.0357502 -0.999347 -1.81307 11.8733 -11.7729  
RT 0.982519 0.186049 0.00650681 0.186157 -0.98217 -0.0262283 0.00151104 0.0269811 -0.999635 -1.7725 11.9671 -11.9911  
RT 0.982011 0.188766 0.00469138 0.188824 -0.981719 -0.0239551 8.37057e-05 0.02441 -0.999702 -1.8138 11.932 -11.8726  
RT 0.982669 0.185262 0.00623789 0.185366 -0.982226 -0.0295244 0.000657269 0.0301691 -0.999545 -1.82698 11.9081 -11.872  
RT 0.982919 0.183688 0.0113353 0.183945 -0.982509 -0.0289755 0.00581463 0.0305657 -0.999516 -1.77733 11.9355 -11.9553  
RT 0.982919 0.183917 0.0066054 0.184031 -0.982526 -0.0278337 0.00137088 0.0285738 -0.999591 -1.7891 11.9681 -11.8964  
RT 0.982377 0.186848 0.00484014 0.18691 -0.9821 -0.0233096 0.000398156 0.0238035 -0.999717 -1.84114 11.9774 -11.9164  
RT 0.982519 0.18605 0.00648598 0.186157 -0.982173 -0.0261183 0.00151104 0.0268692 -0.999638 -1.77969 11.9742 -11.9423  
RT 0.982728 0.184906 0.00736881 0.185034 -0.982423 -0.0246663 0.00267833 0.0256037 -0.999669 -1.74503 11.9913 -11.9477  
RT 0.983072 0.182901 0.0108391 0.183155 -0.982592 -0.0311119 0.00495996 0.0325705 -0.999457 -1.75199 11.9367 -11.9327  
RT 0.957112 0.289713 -0.00184327 0.28939 -0.95631 -0.0415294 -0.0137943 0.0392149 -0.999136 -2.18599 12.1332 -12.3544  
RT 0.962789 0.264328 0.0562899 0.266872 -0.962739 -0.0437402 0.0426308 0.0571348 -0.997456 -1.4315 12.3513 -12.4383  
RT 0.983859 0.178744 -0.0085291 0.178106 -0.982737 -0.0500615 -0.0173301 0.0477344 -0.99871 -2.10409 11.7189 -12.1538  
RT 0.991117 0.12736 -0.0383054 0.128876 -0.990849 0.0401069 -0.0328469 -0.0446872 -0.998461 -1.59496 12.0293 -11.9042  
RT 0.965315 0.260773 -0.0128019 0.260718 -0.965397 -0.00586065 -0.0138872 0.0023197 -0.999901 -2.18489 12.2428 -12.2853  
RT 0.975143 0.221412 -0.00855986 0.221457 -0.975159 0.00467088 -0.00731304 -0.00645041 -0.999952 -2.19276 12.2138 -12.2515  
RT 0.977192 0.188174 -0.0984234 0.188919 -0.981991 -0.00177878 -0.0969856 -0.0168559 -0.995143 -2.53573 11.8194 -12.6295  
RT 0.983367 0.17524 -0.0477483 0.173989 -0.984313 -0.0292448 -0.0521241 0.0204507 -0.998431 -1.86473 11.771 -12.5386  
RT 0.949952 0.3119 0.0175825 0.312226 -0.94608 -0.086302 -0.0102832 0.0874725 -0.996114 -2.99004 12.1745 -12.833  
RT 0.93904 0.340381 0.0484147 0.341313 -0.93987 -0.0122493 0.0413341 0.0280272 -0.998752 -2.76882 12.4478 -12.4973  
RT 0.967894 0.249184 0.0329965 0.250657 -0.966643 -0.0526488 0.0187766 0.0592293 -0.998068 -1.89563 12.3776 -12.9079  
RT 0.967411 0.249384 0.0438558 0.250417 -0.967936 -0.019791 0.037514 0.0301282 -0.998842 -2.16379 12.0894 -12.2465  
RT 0.972784 0.23017 -0.0267109 0.2255 -0.9669 -0.119389 -0.0533066 0.110117 -0.992488 -2.67821 11.1792 -12.7715  
RT 0.976658 0.213984 0.018707 0.214737 -0.97055 -0.109183 -0.00520728 0.110651 -0.993846 -2.09886 11.4261 -12.6839  
RT 0.963163 0.267983 -0.0224143 0.268308 -0.963246 0.0129632 -0.0181165 -0.0184996 -0.999665 -1.94316 12.4205 -12.4346  
RT 0.968835 0.231751 0.0874632 0.234783 -0.9717 -0.0259968 0.0789632 0.0457215 -0.995828 -1.63727 12.1509 -11.9313  
RT 0.969837 0.243121 0.0175407 0.243297 -0.961114 -0.130639 -0.0149026 0.130966 -0.991275 -1.78317 11.3898 -13.2217  
RT 0.96122 0.274621 0.025296 0.275328 -0.950314 -0.145251 -0.0158497 0.146582 -0.989071 -1.93209 11.5985 -13.2484  
RT 0.987908 0.154129 -0.0167648 0.151962 -0.984062 -0.0923592 -0.0307328 0.0886948 -0.995585 -2.68812 11.3712 -12.3083  
RT 0.952611 0.28242 -0.113011 0.278081 -0.959105 -0.0528106 -0.123304 0.018882 -0.992189 -3.01175 12.1829 -12.4122  
RT 0.990312 0.137814 0.0169977 0.137278 -0.990094 0.0294823 0.0208924 -0.0268633 -0.999421 -0.565695 11.5731 -11.9126  
RT 0.969536 0.2314 -0.0803382 0.23218 -0.972673 0.00037991 -0.0780549 -0.0190212 -0.996768 -2.88885 12.3564 -12.6755  
RT 0.971499 0.224922 -0.0748321 0.225213 -0.974298 -0.00463472 -0.0739512 -0.0123506 -0.997185 -2.83641 12.1988 -12.7806  
RT 0.963205 0.268339 -0.0151852 0.267376 -0.962429 -0.0473372 -0.027317 0.0415353 -0.998764 -2.55202 12.1293 -12.8388  
RT 0.981176 0.185196 -0.0547301 0.183059 -0.982212 -0.0418143 -0.0615004 0.0310084 -0.997625 -2.21903 11.7882 -12.5583  
RT 0.979259 0.198987 -0.0381598 0.194566 -0.97609 -0.0969172 -0.0565327 0.0874824 -0.994561 -2.35091 11.4752 -12.9111  
RT 0.972559 0.22142 -0.0714339 0.222054 -0.975034 0.000972908 -0.069435 -0.0168084 -0.997445 -2.75968 12.3296 -12.6593  
RT 0.955061 0.296014 0.0152881 0.296406 -0.954001 -0.0450083 0.00126175 0.0475172 -0.99887 -2.43552 12.5485 -12.2758  
RT 0.956184 0.292604 0.00978848 0.292767 -0.95558 -0.0339682 -0.000585546 0.0353455 -0.999375 -2.24572 12.4654 -12.2604  
RT 0.955722 0.294127 0.00924998 0.294241 -0.954691 -0.0445737 -0.00427946 0.0453218 -0.998963 -2.30527 12.408 -12.411  
RT 0.956271 0.292256 0.0114809 0.29247 -0.955163 -0.0460856 -0.00250268 0.0474282 -0.998872 -2.30601 12.4292 -12.3593  
RT 0.958145 0.286171 0.00804438 0.286263 -0.957362 -0.0388837 -0.00342598 0.039559 -0.999211 -2.2877 12.4994 -12.2863  
RT 0.95453 0.283725 -0.0914981 0.285847 -0.958215 0.010708 -0.0846367 -0.0363756 -0.995748 -2.87512 11.9962 -12.3342  
