Nbb   6.245   6.548   10.106   8.353   5.249   7.437   8.300   7.492   6.376   6.091   5.726   7.252   10.446   5.684   8.779   6.745   7.657   10.208   6.517   4.588   8.691   8.411   10.259   5.285   4.322   4.322
CAbb   6.548   15.757   18.749   13.126   14.417   19.053   14.753   15.132   12.496   12.730   15.765   13.185   18.003   10.628   13.906   11.432   15.272   17.147   13.271   8.809   16.728   16.728   19.669   11.169   9.523   9.523
CB   10.106   18.749   16.867   17.032   12.723   15.280   12.369   12.982   9.791   9.364   15.729   11.492   15.658   8.456   11.189   10.055   12.802   15.721   9.860   5.731   14.108   15.952   15.904   9.272   8.815   8.815
CObb   8.353   13.126   17.032   10.388   10.043   11.418   10.543   12.194   9.610   8.433   7.868   8.732   13.403   7.161   11.323   9.102   9.469   6.781   8.845   5.708   11.615   13.506   13.455   7.344   7.327   7.327
OCbb   5.249   14.417   12.723   10.043   7.902   9.006   7.812   7.975   5.779   5.420   8.323   5.905   10.563   4.959   6.786   6.160   4.757   7.728   6.191   3.790   8.032   8.815   9.223   5.789   5.153   5.153
CEN_ALA   7.437   19.053   15.280   11.418   9.006   10.478   8.708   7.896   5.645   5.546   10.811   6.513   9.734   5.664   7.350   6.012   8.289   10.272   6.315   5.443   8.940   9.530   9.357   5.295   5.272   5.272
CEN_CYS   8.300   14.753   12.369   10.543   7.812   8.708   3.791   7.678   8.225   5.518   9.419   8.970   10.368   9.406   7.339   8.105   9.272   11.710   9.321   7.497   8.809   8.744   10.259   6.482   4.516   4.516
CEN_ASP   7.492   15.132   12.982   12.194   7.975   7.896   7.678   8.791   6.275   4.554   8.509   6.022   7.684   5.130   6.155   6.290   6.854   9.511   5.185   3.806   6.559   7.166   9.205   5.240   5.669   5.669
CEN_GLU   6.376   12.496   9.791   9.610   5.779   5.645   8.225   6.275   5.698   3.497   5.818   2.907   7.437   3.404   5.929   7.458   5.939   7.590   6.682   2.641   4.713   7.204   5.626   6.265   3.419   3.419
CEN_PHE   6.091   12.730   9.364   8.433   5.420   5.546   5.518   4.554   3.497   3.309   5.988   4.260   5.522   3.764   2.631   4.339   5.281   4.928   2.722   3.197   5.240   6.651   4.661   4.235   2.076   2.076
CEN_GLY   5.726   15.765   15.729   7.868   8.323   10.811   9.419   8.509   5.818   5.988   10.936   7.740   9.791   5.013   7.981   8.134   8.934   11.089   7.268   4.364   9.066   9.272   10.969   5.532   5.636   5.636
CEN_HIS   7.252   13.185   11.492   8.732   5.905   6.513   8.970   6.022   2.907   4.260   7.740   7.241   8.105   4.924   6.140   6.350   5.359   7.290   5.958   3.190   6.205   8.020   6.391   5.139   4.406   4.406
CEN_ILE   10.446   18.003   15.658   13.403   10.563   9.734   10.368   7.684   7.437   5.522   9.791   8.105   11.129   6.140   7.447   7.458   8.260   11.710   7.585   5.688   9.986   9.828   9.598   6.523   5.076   5.076
CEN_LYS   5.684   10.628   8.456   7.161   4.959   5.664   9.406   5.130   3.404   3.764   5.013   4.924   6.140   6.411   4.866   4.889   4.627   6.734   4.884   6.933   5.664   5.929   7.023   3.045   2.503   2.503
CEN_LEU   8.779   13.906   11.189   11.323   6.786   7.350   7.339   6.155   5.929   2.631   7.981   6.140   7.447   4.866   6.870   4.601   7.044   8.644   5.789   4.356   6.610   6.896   8.009   3.378   2.696   2.696
CEN_MET   6.745   11.432   10.055   9.102   6.160   6.012   8.105   6.290   7.458   4.339   8.134   6.350   7.458   4.889   4.601   7.475   5.660   9.809   8.260   3.629   7.773   8.532   6.096   5.434   3.378   3.378
CEN_ASN   7.657   15.272   12.802   9.469   4.757   8.289   9.272   6.854   5.939   5.281   8.934   5.359   8.260   4.627   7.044   5.660   7.464   10.983   7.065   5.331   7.118   7.728   8.294   5.736   4.326   4.326
CEN_PRO   10.208   17.147   15.721   6.781   7.728   10.272   11.710   9.511   7.590   4.928   11.089   7.290   11.710   6.734   8.644   9.809   10.983   13.440   7.382   7.038   9.382   11.296   12.510   6.345   4.431   4.431
CEN_GLN   6.517   13.271   9.860   8.845   6.191   6.315   9.321   5.185   6.682   2.722   7.268   5.958   7.585   4.884   5.789   8.260   7.065   7.382   5.570   3.976   5.731   5.603   7.530   4.722   3.000   3.000
CEN_ARG   4.588   8.809   5.731   5.708   3.790   5.443   7.497   3.806   2.641   3.197   4.364   3.190   5.688   6.933   4.356   3.629   5.331   7.038   3.976   4.068   4.439   6.260   5.244   2.802   2.742   2.742
CEN_SER   8.691   16.728   14.108   11.615   8.032   8.940   8.809   6.559   4.713   5.240   9.066   6.205   9.986   5.664   6.610   7.773   7.118   9.382   5.731   4.439   7.497   9.090   9.042   5.895   5.022   5.022
CEN_THR   8.411   16.728   15.952   13.506   8.815   9.530   8.744   7.166   7.204   6.651   9.272   8.020   9.828   5.929   6.896   8.532   7.728   11.296   5.603   6.260   9.090   9.828   11.169   7.964   6.160   6.160
CEN_VAL   10.259   19.669   15.904   13.455   9.223   9.357   10.259   9.205   5.626   4.661   10.969   6.391   9.598   7.023   8.009   6.096   8.294   12.510   7.530   5.244   9.042   11.169   11.451   5.717   5.944   5.944
CEN_TRP   5.285   11.169   9.272   7.344   5.789   5.295   6.482   5.240   6.265   4.235   5.532   5.139   6.523   3.045   3.378   5.434   5.736   6.345   4.722   2.802   5.895   7.964   5.717   7.480   2.776   2.776
CEN_TYR   4.322   9.523   8.815   7.327   5.153   5.272   4.516   5.669   3.419   2.076   5.636   4.406   5.076   2.503   2.696   3.378   4.326   4.431   3.000   2.742   5.022   6.160   5.944   2.776   2.722   2.722
REPLS   4.322   9.523   8.815   7.327   5.153   5.272   4.516   5.669   3.419   2.076   5.636   4.406   5.076   2.503   2.696   3.378   4.326   4.431   3.000   2.742   5.022   6.160   5.944   2.776   2.722   2.722