Nbb 5.5180 5.8030 9.1750 7.5080 4.5840 6.9880 9.3621 8.4107 8.7987 11.4673 5.3907 10.9688 10.0707 11.6142 10.0643 11.2293 8.1062 8.4508 8.9167 12.2291 5.8324 6.9441 8.6762 11.2764 11.0153 
CAbb 5.8030 7.6700 9.7970 5.8710 6.7440 10.9203 10.1743 10.1290 11.0314 11.3060 7.9643 11.4758 12.7874 11.9843 13.3477 12.9455 10.7311 8.8101 11.8655 11.5603 7.3564 10.7789 12.2592 11.2159 11.1559 
CB 9.1750 9.7970 9.6530 9.7780 6.5890 10.6798 7.2523 9.6791 10.5895 10.8665 11.0926 11.0357 11.6220 9.8481 12.0672 12.5870 10.1823 10.9477 11.0645 10.9562 8.5973 10.5267 11.2395 10.5000 10.8769 
CObb 7.5080 5.8710 9.7780 6.8800 6.6000 8.3957 9.8569 10.1028 10.4539 12.7732 5.2302 11.8398 12.4329 10.9417 12.3014 11.8926 10.4902 4.9613 10.1446 12.0604 7.4481 9.0333 10.9536 12.1103 12.1838 
OCbb 4.5840 6.7440 6.5890 6.6000 4.8890 7.5547 8.4066 8.0951 8.5790 9.9713 5.8400 8.9684 9.7601 7.4161 8.6810 11.0497 7.2333 8.0202 8.9325 6.8155 4.6982 6.1798 8.7505 10.5950 9.7126 
CEN_ALA 6.9880 10.9203 10.6798 8.3957 7.5547 11.5990 11.8042 10.4350 11.3668 11.5787 11.7218 11.6287 12.0549 14.0730 12.5751 13.1439 11.0243 12.1387 12.0802 11.5326 9.5860 10.9970 11.5685 11.5370 11.4251 
CEN_CYS 9.3621 10.1743 7.2523 9.8569 8.4066 11.8042 3.7972 11.9710 12.7377 12.7468 12.2430 13.0167 12.8315 14.3853 12.9175 14.0674 12.4255 12.2832 12.7480 12.4165 9.5786 11.8505 12.4217 14.0667 13.6432 
CEN_ASP 8.4107 10.1290 9.6791 10.1028 8.0951 10.4350 11.9710 9.8524 10.9723 15.4437 10.4296 13.1174 14.1817 9.9936 13.7633 15.0003 10.1490 12.6286 12.4145 10.7691 7.0964 8.3368 12.7668 17.8419 14.7583 
CEN_GLU 8.7987 11.0314 10.5895 10.4539 8.5790 11.3668 12.7377 10.9723 12.8732 14.4881 11.3411 12.6361 14.6247 11.3690 14.2617 14.5269 11.1736 14.1063 12.5949 11.9210 9.3334 10.2465 12.5456 16.4329 12.6927 
CEN_PHE 11.4673 11.3060 10.8665 12.7732 9.9713 11.5787 12.7468 15.4437 14.4881 14.4563 11.4568 13.2043 13.8248 14.3667 13.9812 15.7557 13.0600 14.1815 13.6610 12.6319 12.4733 13.9756 13.2865 14.1260 14.1928 
CEN_GLY 5.3907 7.9643 11.0926 5.2302 5.8400 11.7218 12.2430 10.4296 11.3411 11.4568 12.4550 11.9830 13.5690 14.3706 13.8025 13.5030 11.0443 8.7337 12.3161 12.2300 9.1330 10.9325 12.6964 11.3230 11.3316 
CEN_HIS 10.9688 11.4758 11.0357 11.8398 8.9684 11.6287 13.0167 13.1174 12.6361 13.2043 11.9830 13.9991 13.6968 15.1280 14.1478 15.2736 12.1784 13.7575 12.9190 12.5409 11.0402 12.5842 13.8081 11.9709 12.4407 
CEN_ILE 10.0707 12.7874 11.6220 12.4329 9.7601 12.0549 12.8315 14.1817 14.6247 13.8248 13.5690 13.6968 14.6999 16.4579 14.2476 14.9584 13.4570 17.1227 14.2413 14.0356 10.7395 12.7602 13.6685 13.5747 13.4009 
CEN_LYS 11.6142 11.9843 9.8481 10.9417 7.4161 14.0730 14.3853 9.9936 11.3690 14.3667 14.3706 15.1280 16.4579 17.8612 15.6553 15.5844 12.7200 19.1011 14.1471 15.8124 9.0114 11.4471 15.5334 13.7900 13.5158 
CEN_LEU 10.0643 13.3477 12.0672 12.3014 8.6810 12.5751 12.9175 13.7633 14.2617 13.9812 13.8025 14.1478 14.2476 15.6553 14.3660 15.2625 13.5127 16.1373 13.9400 12.9691 10.7467 13.3565 13.5413 14.6214 13.7691 
CEN_MET 11.2293 12.9455 12.5870 11.8926 11.0497 13.1439 14.0674 15.0003 14.5269 15.7557 13.5030 15.2736 14.9584 15.5844 15.2625 15.6816 13.7831 15.9220 14.9825 14.3130 11.3690 13.7182 14.0940 16.3853 15.9330 
CEN_ASN 8.1062 10.7311 10.1823 10.4902 7.2333 11.0243 12.4255 10.1490 11.1736 13.0600 11.0443 12.1784 13.4570 12.7200 13.5127 13.7831 10.4617 12.9576 11.4517 11.9330 7.8164 9.8847 12.5820 13.2290 13.7780 
CEN_PRO 8.4508 8.8101 10.9477 4.9613 8.0202 12.1387 12.2832 12.6286 14.1063 14.1815 8.7337 13.7575 17.1227 19.1011 16.1373 15.9220 12.9576 17.8007 14.8125 15.2284 9.8620 13.0909 15.5316 13.5934 13.4279 
CEN_GLN 8.9167 11.8655 11.0645 10.1446 8.9325 12.0802 12.7480 12.4145 12.5949 13.6610 12.3161 12.9190 14.2413 14.1471 13.9400 14.9825 11.4517 14.8125 12.4898 12.6679 9.4549 11.7243 12.8634 13.6773 13.4607 
CEN_ARG 12.2291 11.5603 10.9562 12.0604 6.8155 11.5326 12.4165 10.7691 11.9210 12.6319 12.2300 12.5409 14.0356 15.8124 12.9691 14.3130 11.9330 15.2284 12.6679 13.1816 9.3743 12.2964 12.9713 12.1862 12.1825 
CEN_SER 5.8324 7.3564 8.5973 7.4481 4.6982 9.5860 9.5786 7.0964 9.3334 12.4733 9.1330 11.0402 10.7395 9.0114 10.7467 11.3690 7.8164 9.8620 9.4549 9.3743 6.8031 6.9474 9.9925 13.8345 11.0446 
CEN_THR 6.9441 10.7789 10.5267 9.0333 6.1798 10.9970 11.8505 8.3368 10.2465 13.9756 10.9325 12.5842 12.7602 11.4471 13.3565 13.7182 9.8847 13.0909 11.7243 12.2964 6.9474 9.9364 12.3709 14.9794 12.8425 
CEN_VAL 8.6762 12.2592 11.2395 10.9536 8.7505 11.5685 12.4217 12.7668 12.5456 13.2865 12.6964 13.8081 13.6685 15.5334 13.5413 14.0940 12.5820 15.5316 12.8634 12.9713 9.9925 12.3709 12.7919 12.8143 12.7867 
CEN_TRP 11.2764 11.2159 10.5000 12.1103 10.5950 11.5370 14.0667 17.8419 16.4329 14.1260 11.3230 11.9709 13.5747 13.7900 14.6214 16.3853 13.2290 13.5934 13.6773 12.1862 13.8345 14.9794 12.8143 21.3696 14.4877 
CEN_TYR 11.0153 11.1559 10.8769 12.1838 9.7126 11.4251 13.6432 14.7583 12.6927 14.1928 11.3316 12.4407 13.4009 13.5158 13.7691 15.9330 13.7780 13.4279 13.4607 12.1825 11.0446 12.8425 12.7867 14.4877 14.0738 
