Nbb 7.0261 5.7981 8.1776 9.1142 4.9950 9.5041 11.6910 10.6096 12.1076 14.3412 5.9481 14.2848 13.7139 15.8420 14.6418 14.8549 11.2205 10.1342 12.6206 15.9544 8.5257 9.2542 11.8042 14.9096 14.1463 
CAbb 5.7981 9.0628 12.1112 5.8289 7.2650 14.2274 12.2517 13.1136 14.5038 14.5037 10.2779 15.9088 16.9490 16.9119 16.7194 16.6124 14.0159 9.9071 15.0388 15.3193 11.4425 13.9818 16.0153 14.7259 14.3598 
CB 8.1776 12.1112 12.4680 9.0879 8.1145 13.6399 9.4885 12.2665 13.6008 13.8199 14.1620 14.3281 14.4521 15.6469 14.9792 15.6191 13.1309 13.1997 14.3694 14.3233 11.1104 13.6870 14.2323 13.2196 13.6296 
CObb 9.1142 5.8289 9.0879 8.5006 7.7792 10.3209 12.4027 13.5638 14.1931 15.4534 5.9594 14.8860 15.1495 15.7322 16.0862 16.2282 13.0466 5.8081 14.1533 15.5418 11.0203 12.6022 13.0317 16.2128 15.4450 
OCbb 4.9950 7.2650 8.1145 7.7792 7.6099 10.0986 11.1405 10.4752 11.0259 13.4667 7.6027 12.3011 12.8310 10.3310 13.1681 14.4155 10.4159 9.4725 11.7953 10.9512 7.2064 8.3348 11.2540 14.9548 13.7391 
CEN_ALA 9.5041 14.2274 13.6399 10.3209 10.0986 14.4278 15.0768 14.1715 15.1804 15.4462 15.5347 17.0445 15.6626 18.6507 16.0948 17.6755 14.9484 14.8400 16.6511 15.6057 12.5088 15.8143 14.9858 15.4066 15.4679
CEN_CYS 11.6910 12.2517 9.4885 12.4027 11.1405 15.0768 4.4545 17.3311 17.4069 17.3145 15.7123 19.1817 17.0975 17.5255 16.7011 18.9272 17.8142 15.8272 17.5066 17.1358 13.3398 16.5050 16.2212 19.2659 18.8409 
CEN_ASP 10.6096 13.1136 12.2665 13.5638 10.4752 14.1715 17.3311 14.2585 15.8312 22.1225 13.9044 17.5152 20.2589 13.4648 19.0092 19.9723 13.8088 17.0500 16.7475 13.5555 9.9637 11.9128 18.4610 24.9779 20.8309 
CEN_GLU 12.1076 14.5038 13.6008 14.1931 11.0259 15.1804 17.4069 15.8312 17.7405 19.7315 15.2668 18.8407 19.4635 14.5604 17.7530 21.6638 15.6776 18.4303 18.2100 15.8754 12.5057 13.8657 17.3912 21.2350 18.0072 
CEN_PHE 14.3412 14.5037 13.8199 15.4534 13.4667 15.4462 17.3145 22.1225 19.7315 19.4408 15.4073 18.4994 17.8086 18.2540 17.9658 20.9462 19.5603 18.4555 18.6628 16.8608 17.5173 18.5865 16.8176 22.6387 21.0358 
CEN_GLY 5.9481 10.2779 14.1620 5.9594 7.6027 15.5347 15.7123 13.9044 15.2668 15.4073 14.7004 16.8850 18.7281 18.4144 17.7048 18.7724 15.0304 10.4742 16.0922 16.7492 12.4460 15.1103 17.3862 15.6606 14.7333 
CEN_HIS 14.2848 15.9088 14.3281 14.8860 12.3011 17.0445 19.1817 17.5152 18.8407 18.4994 16.8850 19.2985 18.4078 19.6835 18.0218 20.4542 17.6279 17.6142 18.3454 17.2104 15.6787 16.9741 18.0818 16.9587 17.1122 
CEN_ILE 13.7139 16.9490 14.4521 15.1495 12.8310 15.6626 17.0975 20.2589 19.4635 17.8086 18.7281 18.4078 18.5682 20.9455 18.6623 20.0853 18.7417 21.9882 18.8798 18.6585 15.6299 17.4980 17.3727 18.8875 17.4202 
CEN_LYS 15.8420 16.9119 15.6469 15.7322 10.3310 18.6507 17.5255 13.4648 14.5604 18.2540 18.4144 19.6835 20.9455 22.6970 19.3014 20.5705 16.9966 23.9534 18.0097 20.5946 13.4795 16.5707 20.0763 18.0545 17.4505 
CEN_LEU 14.6418 16.7194 14.9792 16.0862 13.1681 16.0948 16.7011 19.0092 17.7530 17.9658 17.7048 18.0218 18.6623 19.3014 17.5875 19.5115 18.4196 21.1060 17.8183 16.4898 15.5263 18.4667 17.4110 18.7813 17.7639 
CEN_MET 14.8549 16.6124 15.6191 16.2282 14.4155 17.6755 18.9272 19.9723 21.6638 20.9462 18.7724 20.4542 20.0853 20.5705 19.5115 20.5132 19.6541 20.9165 20.7287 19.6839 17.8857 19.8281 18.2331 23.2799 21.5639 
CEN_ASN 11.2205 14.0159 13.1309 13.0466 10.4159 14.9484 17.8142 13.8088 15.6776 19.5603 15.0304 17.6279 18.7417 16.9966 18.4196 19.6541 14.3178 17.3367 15.8801 16.0508 11.8637 13.9839 17.6506 20.0769 18.5816 
CEN_PRO 10.1342 9.9071 13.1997 5.8081 9.4725 14.8400 15.8272 17.0500 18.4303 18.4555 10.4742 17.6142 21.9882 23.9534 21.1060 20.9165 17.3367 22.6571 18.9449 20.2331 13.8081 18.6404 20.2573 18.1102 17.7772 
CEN_GLN 12.6206 15.0388 14.3694 14.1533 11.7953 16.6511 17.5066 16.7475 18.2100 18.6628 16.0922 18.3454 18.8798 18.0097 17.8183 20.7287 15.8801 18.9449 17.8524 17.2213 13.2488 15.2942 18.4894 19.1575 17.5605 
CEN_ARG 15.9544 15.3193 14.3233 15.5418 10.9512 15.6057 17.1358 13.5555 15.8754 16.8608 16.7492 17.2104 18.6585 20.5946 16.4898 19.6839 16.0508 20.2331 17.2213 17.4269 13.4224 17.3193 17.4485 17.0340 16.4281 
CEN_SER 8.5257 11.4425 11.1104 11.0203 7.2064 12.5088 13.3398 9.9637 12.5057 17.5173 12.4460 15.6787 15.6299 13.4795 15.5263 17.8857 11.8637 13.8081 13.2488 13.4224 8.8467 10.1207 15.1851 18.3626 16.3255 
CEN_THR 9.2542 13.9818 13.6870 12.6022 8.3348 15.8143 16.5050 11.9128 13.8657 18.5865 15.1103 16.9741 17.4980 16.5707 18.4667 19.8281 13.9839 18.6404 15.2942 17.3193 10.1207 12.7914 16.8938 20.9462 17.4936 
CEN_VAL 11.8042 16.0153 14.2323 13.0317 11.2540 14.9858 16.2212 18.4610 17.3912 16.8176 17.3862 18.0818 17.3727 20.0763 17.4110 18.2331 17.6506 20.2573 18.4894 17.4485 15.1851 16.8938 16.4929 17.4466 16.3883 
CEN_TRP 14.9096 14.7259 13.2196 16.2128 14.9548 15.4066 19.2659 24.9779 21.2350 22.6387 15.6606 16.9587 18.8875 18.0545 18.7813 23.2799 20.0769 18.1102 19.1575 17.0340 18.3626 20.9462 17.4466 29.0879 21.5292 
CEN_TYR 14.1463 14.3598 13.6296 15.4450 13.7391 15.4679 18.8409 20.8309 18.0072 21.0358 14.7333 17.1122 17.4202 17.4505 17.7639 21.5639 18.5816 17.7772 17.5605 16.4281 16.3255 17.4936 16.3883 21.5292 20.4681 
