function [list, pair, env] = load_pair_env_table()
list = [ 
 "GLU";
 "LYS";
 "SER";
 "ILE";
 "ASN";
 "CYS";
 "ASP";
 "LEU";
 "GLY";
 "VAL";
 "ARG";
 "PHE";
 "PRO";
 "THR";
 "TYR";
 "ALA";
 "MET";
 "HIS";
 "GLN";
 "TRP" ];

pair = zeros(20,20,30);
pair(1,1,:) = [ 0 0 0 0 0 0 20 268 680 824 1106 1482 1982 2260 2760 3510 4762 5670 5984 6394 7322 8060 8668 9474 10730 12006 13164 14226 15204 16780 ];
pair(1,2,:) = [ 0 0 0 0 1 1 78 1700 4624 4619 3214 2256 2385 2580 2959 3441 3924 4488 4786 5231 5686 6483 7306 8313 9064 9738 10672 11661 12392 13312 ];
pair(1,3,:) = [ 0 0 0 0 0 22 1748 1839 819 1433 1663 1841 1626 2020 2700 3716 4420 4932 5939 6627 7385 8177 9152 10250 11389 12456 13428 14759 15623 16543 ];
pair(1,4,:) = [ 0 0 0 0 0 0 0 234 1131 1830 2103 2024 1806 1649 1944 2725 3993 5587 7111 8638 9857 11322 12955 14807 16117 17562 18972 20565 21853 22950 ];
pair(1,5,:) = [ 0 0 0 0 0 0 81 395 1179 1868 1203 1341 1428 1690 1901 2499 3113 3793 4012 4517 4908 5487 6150 6997 7508 8262 9137 9514 10362 11286 ];
pair(1,6,:) = [ 0 0 0 0 0 0 22 181 286 357 406 314 352 443 554 783 1089 1382 1704 1860 2179 2383 2681 2926 3104 3417 3769 4105 4183 4610 ];
pair(1,7,:) = [ 0 0 0 0 0 2 82 360 602 715 1039 1516 1864 2034 2278 3159 4228 4949 5108 5840 6670 7266 8176 8895 10056 11132 12232 13274 14281 15182 ];
pair(1,8,:) = [ 0 0 0 0 0 0 4 298 1689 3158 3594 3438 2949 2640 2856 4202 5991 8474 10944 12888 14981 17654 20735 23222 25388 27161 29341 31493 34221 36403 ];
pair(1,9,:) = [ 0 0 0 0 0 0 118 1222 1971 1612 1257 1556 2236 3143 4146 4962 6228 7300 8337 8986 10401 11863 13047 14526 16094 17440 18853 20623 22391 24095 ];
pair(1,10,:) = [ 0 0 0 0 0 0 17 637 1598 2236 2416 2294 2096 2056 2567 3853 5501 7592 9333 10743 12015 13656 15630 17459 19130 20787 22733 24390 26247 27830 ];
pair(1,11,:) = [ 0 0 0 0 0 1 37 1745 5370 5407 4374 3158 2669 2717 2934 3292 3773 4460 5077 5440 5841 6737 7490 8392 9184 10226 10987 11585 12559 13306 ];
pair(1,12,:) = [ 0 0 0 0 0 0 0 127 511 1315 2060 1966 1740 1472 1667 2134 2791 4145 5066 6224 7028 8069 9264 10615 11583 12492 13460 14237 15047 16425 ];
pair(1,13,:) = [ 0 0 0 0 0 0 2 186 790 1231 1468 1482 1516 1629 2144 2981 3650 4398 4923 5371 6160 6839 7857 8813 9520 10028 10987 11902 12711 13933 ];
pair(1,14,:) = [ 0 0 0 0 0 3 367 1349 1617 1783 1882 1796 1764 1771 2325 3076 4339 5183 5818 6354 7311 8084 9061 10150 11274 12329 13193 14247 15174 16575 ];
pair(1,15,:) = [ 0 0 0 0 0 0 5 111 649 3186 3658 1733 1695 1837 2058 2234 2924 3689 4394 5152 5628 6349 7323 7936 8546 9344 9960 10732 11258 12080 ];
pair(1,16,:) = [ 0 0 0 1 1 0 163 1232 1647 1964 1905 1643 1717 2549 3475 4875 6650 8195 9293 10442 12303 14026 15664 17184 19109 20997 22766 24758 26893 29086 ];
pair(1,17,:) = [ 0 0 0 0 0 0 2 98 391 601 690 656 551 527 674 960 1267 1623 2018 2371 2731 3202 3765 3980 4468 4800 5188 5506 5993 6371 ];
pair(1,18,:) = [ 0 0 0 0 0 0 21 228 1223 2877 1435 910 992 1080 1285 1558 1967 2387 2739 2843 3172 3548 4026 4401 4783 5122 5632 6185 6622 7220 ];
pair(1,19,:) = [ 0 0 0 0 0 0 15 184 783 1518 943 992 1313 1272 1444 1818 2456 2891 3245 3465 3977 4555 5168 5520 6304 6546 7467 7914 8314 9143 ];
pair(1,20,:) = [ 0 0 0 0 0 0 0 42 206 607 1107 1022 856 811 834 983 1153 1486 1905 2112 2388 2860 3025 3269 3661 4036 4291 4641 4890 5050 ];
pair(2,1,:) = [ 0 0 0 0 1 1 78 1700 4624 4619 3214 2256 2385 2580 2959 3441 3924 4488 4786 5231 5686 6483 7306 8313 9064 9738 10672 11661 12392 13312 ];
pair(2,2,:) = [ 0 0 0 0 0 0 2 24 120 400 764 826 1030 1440 2250 3048 3758 3998 4494 4944 5414 6212 7078 7754 8588 9346 10182 11286 11888 12382 ];
pair(2,3,:) = [ 0 0 0 0 0 17 386 975 1246 1092 1226 1412 1598 2221 2860 3355 3821 4412 4730 5358 6163 6857 7575 8389 9204 9772 10603 11671 12923 14000 ];
pair(2,4,:) = [ 0 0 0 0 0 1 1 22 324 1292 2162 2248 2003 1731 1802 2461 3187 4103 5359 6808 8296 9769 11230 12442 13907 14941 16419 17784 18588 19877 ];
pair(2,5,:) = [ 0 0 0 0 0 0 21 401 1245 1348 1217 1131 1264 1563 1962 2491 2978 3445 3745 4251 4490 4994 5723 6215 6703 7148 7638 8476 9080 9776 ];
pair(2,6,:) = [ 0 0 0 0 0 3 9 119 324 307 287 243 287 337 498 640 902 1048 1267 1628 1823 2015 2228 2434 2556 2819 3084 3379 3485 3813 ];
pair(2,7,:) = [ 0 0 0 0 0 1 424 2092 3955 3291 2447 2115 2392 2623 3023 3450 3762 4520 4853 5192 5602 6253 7043 7699 8406 9296 10014 10742 11409 12436 ];
pair(2,8,:) = [ 0 0 0 0 0 0 1 19 484 2022 3574 3858 2829 2232 2486 3535 4704 6145 7842 9479 11599 13511 15813 17933 20104 21772 23363 25094 26886 28595 ];
pair(2,9,:) = [ 0 0 0 0 0 0 4 142 1240 2338 2531 2303 2350 2629 3357 4372 5144 6068 6984 7698 8188 8975 10222 10983 12050 13077 14322 15599 17056 18773 ];
pair(2,10,:) = [ 0 0 0 0 0 0 2 64 630 1635 2605 2639 2024 1965 2269 3149 4041 5526 7009 8594 9969 11561 12861 14242 15262 16979 18006 19549 20952 22896 ];
pair(2,11,:) = [ 0 0 0 0 0 0 2 53 377 632 769 882 1069 1258 1573 2129 2676 3201 3774 3984 4400 4941 5563 6000 6706 7343 7985 8602 9237 10027 ];
pair(2,12,:) = [ 0 0 0 0 0 0 1 206 914 1191 1414 1609 1323 1121 1141 1559 2343 3177 3788 4613 5445 6452 7243 8399 9489 10421 10991 11765 12482 13496 ];
pair(2,13,:) = [ 0 0 0 0 0 0 0 2 124 608 959 1254 1655 1721 1870 2296 2932 3411 3836 4389 4909 5312 5950 6665 7363 7785 8607 9102 9921 10719 ];
pair(2,14,:) = [ 0 0 0 0 0 1 84 484 1003 1411 1692 1795 1788 2061 2409 2783 3362 4014 4714 5427 6104 6660 7639 8249 8984 9706 10674 11598 12494 13598 ];
pair(2,15,:) = [ 0 0 0 0 0 0 2 428 1579 1877 2032 1711 1534 1281 1376 1795 2461 2972 3545 3980 4602 5138 5788 6520 7284 8060 8532 9097 9665 10080 ];
pair(2,16,:) = [ 0 0 0 0 0 0 4 237 1175 1776 1665 1646 1947 2334 2895 3871 4703 5955 7084 8658 9740 11046 11957 13063 14030 15137 16631 18682 20353 22106 ];
pair(2,17,:) = [ 0 0 0 0 0 0 0 35 306 513 562 514 464 419 494 706 972 1197 1404 1800 2041 2467 2882 3257 3615 3874 4133 4457 4955 5271 ];
pair(2,18,:) = [ 0 0 0 0 0 1 1 88 491 699 640 541 538 702 860 1233 1496 1790 1924 2207 2423 2675 2919 3446 3691 3928 4293 4657 4965 5193 ];
pair(2,19,:) = [ 0 0 0 0 0 0 4 172 805 1196 974 844 893 1017 1301 1836 2016 2368 2647 2797 3164 3572 4195 4661 5040 5433 5815 6380 6917 7401 ];
pair(2,20,:) = [ 0 0 0 0 0 0 3 249 599 531 429 411 515 496 484 570 748 1022 1257 1507 1767 1973 2173 2420 2853 3231 3308 3659 3785 3904 ];
pair(3,1,:) = [ 0 0 0 0 0 22 1748 1839 819 1433 1663 1841 1626 2020 2700 3716 4420 4932 5939 6627 7385 8177 9152 10250 11389 12456 13428 14759 15623 16543 ];
pair(3,2,:) = [ 0 0 0 0 0 17 386 975 1246 1092 1226 1412 1598 2221 2860 3355 3821 4412 4730 5358 6163 6857 7575 8389 9204 9772 10603 11671 12923 14000 ];
pair(3,3,:) = [ 0 0 0 0 34 1316 716 1188 1926 2284 2034 2188 3034 4058 4926 5566 6466 7372 8536 9230 10008 11808 12778 13562 14688 16096 17202 18962 20332 21580 ];
pair(3,4,:) = [ 0 0 0 0 0 0 118 882 1700 2196 2541 2614 2680 2921 4143 5402 7329 9075 10433 11898 13155 14904 16375 17269 18713 19852 21068 22053 23072 24269 ];
pair(3,5,:) = [ 0 0 0 1 1 65 804 1531 1199 1350 1642 1658 1849 2385 2976 3660 4377 4899 5462 6144 6758 7430 8291 8828 9602 10707 11135 12214 12955 13966 ];
pair(3,6,:) = [ 0 0 0 0 0 6 196 394 483 659 696 634 863 1058 1395 1687 2082 2398 2630 2861 3040 3242 3542 3916 4119 4364 4665 4895 5155 5508 ];
pair(3,7,:) = [ 0 0 0 0 2 692 1817 1730 911 1522 1873 1873 1900 2358 3354 4149 4962 5495 6287 7104 7830 8788 9820 11033 11915 13016 13810 14702 16128 17537 ];
pair(3,8,:) = [ 0 0 0 0 0 2 101 1075 2685 3799 3753 3815 3876 4367 6089 7994 10224 13077 16076 18286 20659 22350 24189 26362 28367 30195 32169 33486 34967 37414 ];
pair(3,9,:) = [ 0 0 0 0 0 33 1632 2193 1736 1975 2792 3272 4568 5275 6195 7686 9097 10000 11350 12664 14243 15701 16607 17837 19927 21541 23507 25209 27170 28155 ];
pair(3,10,:) = [ 0 0 0 0 0 4 298 1383 2300 2821 2964 3164 3327 4029 5624 7468 9427 10987 12339 14207 16096 18115 19881 20780 22339 23642 24985 26610 28136 29896 ];
