function [env] = load_env_table()
env = zeros(20,40);
env(1,:)= [ 28 207 1013 2238 3498 6210 7498 9606 10417 10965 10416 9538 8671 7445 6526 5196 4369 3492 2892 2429 1991 1805 1679 1379 1210 997 750 593 417 262 179 68 40 22 11 2 1 0 1 0 ];
env(2,:)= [ 63 311 1229 2448 4028 5777 7192 8692 8676 8670 8879 8425 7796 6721 5723 4513 3584 2673 2161 1649 1291 1069 784 652 563 459 363 304 220 171 69 47 22 16 2 2 2 1 0 0 ];
env(3,:)= [ 8 104 211 626 1300 2096 3025 4273 5245 6150 6600 6745 6305 6209 5916 5656 5290 4925 4584 4290 4182 3814 3815 3507 3156 2968 2409 1998 1369 936 618 362 243 118 52 19 15 2 3 1 ];
env(4,:)= [ 3 19 86 209 320 479 670 1025 1372 1488 1822 2051 2434 2765 3455 3774 4192 4679 5222 5848 6393 7378 8220 8243 8358 7382 6168 4705 3235 1982 1127 655 289 144 59 24 18 10 5 2 ];
env(5,:)= [ 7 64 238 979 1629 2592 3257 4010 4929 5220 5230 5131 5009 4680 4304 3981 3562 3390 2936 2689 2445 2204 2027 1868 1662 1424 1180 895 685 432 312 156 95 27 15 5 3 1 0 0 ];
env(6,:)= [ 1 5 9 25 48 58 101 123 191 230 253 284 428 499 597 693 844 943 1197 1382 1490 1651 1760 1787 1968 1761 1598 1229 960 584 407 214 136 66 33 16 9 2 1 1 ];
env(7,:)= [ 11 79 279 1336 2343 4101 5403 6745 7962 8788 8817 8496 7824 7136 6334 5363 4692 3945 3302 2964 2515 2332 1984 1709 1444 1254 1016 850 601 393 261 117 55 35 7 4 0 0 0 0 ];
env(8,:)= [ 9 64 234 443 668 1159 1324 1977 2424 2703 3024 3635 4172 4966 5561 6270 6928 7818 8218 8949 9573 10820 12161 12762 12676 11768 9857 7607 5186 3265 1884 996 490 216 84 40 6 7 1 0 ];
env(9,:)= [ 13 66 150 209 717 1558 2620 3989 5400 6612 7708 8035 8091 8135 7790 7308 7090 6783 6471 6242 5960 5956 5585 5225 5051 4638 3974 3319 2631 1844 1292 824 496 303 161 94 43 34 13 15 ];
env(10,:)= [ 3 44 100 268 517 742 1067 1588 2010 2300 2766 3151 3626 4140 4670 5067 5562 6049 6441 7373 8356 9001 9482 9821 9616 8533 7237 5432 3723 2407 1395 804 407 204 105 53 22 13 2 0 ];
env(11,:)= [ 59 285 838 1500 2192 2959 3625 4549 5377 6211 6618 7079 7229 6863 6389 5557 4858 3962 3429 2871 2408 2065 1775 1391 1085 832 594 388 237 176 90 48 23 8 2 1 0 0 0 0 ];
env(12,:)= [ 8 32 127 266 375 477 624 798 973 1074 1217 1411 1655 1957 2270 2600 3112 3440 3845 4161 4646 5191 5544 5722 5686 5233 4473 3303 2397 1505 846 467 214 59 39 10 6 1 3 0 ];
env(13,:)= [ 1 43 103 204 600 1099 2086 3131 4029 4830 5371 5623 5777 5776 5603 5391 4977 4567 4154 3693 3360 2963 2640 2422 2001 1728 1325 986 688 472 261 169 67 40 31 5 4 2 0 1 ];
env(14,:)= [ 0 49 121 380 766 1350 2072 3239 4504 5246 5687 6112 5984 6278 5954 5690 5146 4791 4445 4232 3964 3973 3680 3646 3321 3010 2571 2029 1537 1019 581 334 151 100 54 21 5 3 3 0 ];
env(15,:)= [ 13 43 193 286 403 552 709 1011 1199 1477 1700 2074 2499 2985 3472 3945 4161 4329 4263 4363 3973 3972 3719 3391 3027 2602 2088 1587 1011 695 359 207 107 45 20 2 0 2 0 0 ];
env(16,:)= [ 4 88 191 420 935 1514 2489 3654 4808 6032 6208 6623 6493 6488 6458 6443 6888 6877 7173 7661 8321 8552 8744 8764 8282 7355 6195 4887 3756 2611 1675 1074 676 330 208 89 50 19 9 4 ];
env(17,:)= [ 19 94 108 190 256 328 383 552 598 684 703 740 811 937 1073 1103 1170 1258 1308 1457 1584 1564 1782 1842 1993 1980 1939 1621 1227 898 518 335 184 78 37 11 6 0 3 0 ];
env(18,:)= [ 27 91 231 446 676 972 1102 1414 1781 1965 2027 2268 2378 2582 2597 2570 2394 2213 2195 2089 1792 1719 1674 1423 1375 1154 992 718 500 352 228 138 70 27 11 3 0 0 0 0 ];
env(19,:)= [ 16 80 323 809 1272 2301 2935 3897 4506 4791 4793 4798 4695 4391 4073 3576 3212 2706 2337 1959 1629 1456 1374 1280 1139 930 712 561 422 289 179 107 49 25 8 5 2 2 0 0 ];
env(20,:)= [ 4 8 53 74 139 188 228 300 346 423 529 596 745 915 1164 1262 1449 1662 1729 1886 1998 1959 1817 1766 1611 1316 1009 796 449 298 126 63 31 8 7 1 1 0 0 0 ];
