PAIR_LOG: 1 ALA   -0.135710    0.230790    0.333970    0.264710    0.081390   -0.014670    0.324130   -0.221760    0.398940   -0.150250    0.035210    0.259350    0.036150    0.265750    0.371210    0.104750   -0.046790   -0.271340    0.200010    0.128350
PAIR_LOG: 1 CYS    0.230790   -1.792430    0.530240    0.663600    0.096410    0.204230    0.243830    0.125340    0.731780    0.107470    0.044620    0.324810   -0.044770    0.252000    0.491030    0.112830    0.275390    0.097780    0.094010    0.164640
PAIR_LOG: 1 ASP    0.333970    0.530240    0.067040    0.245720    0.537840   -0.224350   -0.474020    0.449720   -0.900140    0.382000    0.323170   -0.418300   -0.214490   -0.000610   -0.782430   -0.502850   -0.365790    0.446580    0.503780    0.464730
PAIR_LOG: 1 GLU    0.264710    0.663600    0.245720    0.511010    0.251340    0.149220   -0.106740    0.219450   -0.923640    0.198920    0.151610   -0.180100   -0.141940   -0.058350   -0.786070   -0.353120   -0.291440    0.227640    0.160710    0.188830
PAIR_LOG: 1 PHE    0.081390    0.096410    0.537840    0.251340   -0.246510    0.212930    0.039230   -0.191060    0.048280   -0.226820   -0.233600    0.266080   -0.104840    0.143400    0.031360    0.280050    0.374720   -0.082260   -0.135880   -0.015260
PAIR_LOG: 1 GLY   -0.014670    0.204230   -0.224350    0.149220    0.212930   -0.481150    0.086030    0.365270    0.005010    0.306170    0.146090   -0.370690   -0.184380   -0.018900   -0.083190   -0.271190   -0.245510    0.231050    0.243440    0.106400
PAIR_LOG: 1 HIS    0.324130    0.243830   -0.474020   -0.106740    0.039230    0.086030   -0.233170    0.105530    0.003610    0.114430    0.014160   -0.004200   -0.278770   -0.030460   -0.108940   -0.113020   -0.256240    0.157870   -0.172290    0.026910
PAIR_LOG: 1 ILE   -0.221760    0.125340    0.449720    0.219450   -0.191060    0.365270    0.105530   -0.317020    0.216970   -0.126060   -0.087900    0.382820    0.560310    0.205550    0.335840    0.312990    0.286670   -0.196340   -0.159830   -0.169640
PAIR_LOG: 1 LYS    0.398940    0.731780   -0.900140   -0.923640    0.048280    0.005010    0.003610    0.216970    0.564070    0.212920    0.153630   -0.070380    0.040810   -0.248040    0.551550    0.027150   -0.132190    0.237840   -0.245860   -0.168960
PAIR_LOG: 1 LEU   -0.150250    0.107470    0.382000    0.198920   -0.226820    0.306170    0.114430   -0.126060    0.212920   -0.199830   -0.128600    0.353590    0.352170    0.075230    0.197840    0.271350    0.310110   -0.106410   -0.168430   -0.206090
PAIR_LOG: 1 MET    0.035210    0.044620    0.323170    0.151610   -0.233600    0.146090    0.014160   -0.087900    0.153630   -0.128600   -0.139980    0.028820    0.112870   -0.035420    0.129990    0.196960    0.300900    0.006370   -0.099980   -0.229240
PAIR_LOG: 1 ASN    0.259350    0.324810   -0.418300   -0.180100    0.266080   -0.370690   -0.004200    0.382820   -0.070380    0.353590    0.028820   -0.614550   -0.201750   -0.261430   -0.270500   -0.288250   -0.285310    0.474510    0.286020    0.126380
PAIR_LOG: 1 PRO    0.036150   -0.044770   -0.214490   -0.141940   -0.104840   -0.184380   -0.278770    0.560310    0.040810    0.352170    0.112870   -0.201750   -0.041700   -0.165690   -0.069990   -0.107910    0.028440    0.397610   -0.559080   -0.416130
PAIR_LOG: 1 GLN    0.265750    0.252000   -0.000610   -0.058350    0.143400   -0.018900   -0.030460    0.205550   -0.248040    0.075230   -0.035420   -0.261430   -0.165690   -0.240680   -0.253070   -0.061400   -0.230140    0.085810   -0.045700   -0.037770
PAIR_LOG: 1 ARG    0.371210    0.491030   -0.782430   -0.786070    0.031360   -0.083190   -0.108940    0.335840    0.551550    0.197840    0.129990   -0.270500   -0.069990   -0.253070    0.232450   -0.025480   -0.053130    0.332790   -0.331160   -0.144880
PAIR_LOG: 1 SER    0.104750    0.112830   -0.502850   -0.353120    0.280050   -0.271190   -0.113020    0.312990    0.027150    0.271350    0.196960   -0.288250   -0.107910   -0.061400   -0.025480   -0.209550   -0.323810    0.153690    0.365540    0.316140
PAIR_LOG: 1 THR   -0.046790    0.275390   -0.365790   -0.291440    0.374720   -0.245510   -0.256240    0.286670   -0.132190    0.310110    0.300900   -0.285310    0.028440   -0.230140   -0.053130   -0.323810   -0.195460    0.147550    0.336140    0.365760
PAIR_LOG: 1 VAL   -0.271340    0.097780    0.446580    0.227640   -0.082260    0.231050    0.157870   -0.196340    0.237840   -0.106410    0.006370    0.474510    0.397610    0.085810    0.332790    0.153690    0.147550   -0.297330    0.121740    0.020590
PAIR_LOG: 1 TRP    0.200010    0.094010    0.503780    0.160710   -0.135880    0.243440   -0.172290   -0.159830   -0.245860   -0.168430   -0.099980    0.286020   -0.559080   -0.045700   -0.331160    0.365540    0.336140    0.121740    0.054620   -0.032800
PAIR_LOG: 1 TYR    0.128350    0.164640    0.464730    0.188830   -0.015260    0.106400    0.026910   -0.169640   -0.168960   -0.206090   -0.229240    0.126380   -0.416130   -0.037770   -0.144880    0.316140    0.365760    0.020590   -0.032800   -0.016690
PAIR_LOG: 2 ALA   -0.022260   -0.044110    0.133130    0.152200   -0.149050   -0.056620    0.021430   -0.031930    0.146820    0.018650   -0.086340    0.029560    0.080000    0.088910    0.095170    0.003500    0.005260   -0.023540   -0.112610   -0.053140
PAIR_LOG: 2 CYS   -0.044110   -0.354210    0.166270    0.466410   -0.088720   -0.156180   -0.089470    0.082760    0.301830    0.033090   -0.031640    0.050610   -0.095900    0.060700    0.211920   -0.062030   -0.028850   -0.018490   -0.173250    0.002010
PAIR_LOG: 2 ASP    0.133130    0.166270   -0.213010   -0.054210    0.333800   -0.134540   -0.510820    0.640690   -0.837730    0.671070    0.345010   -0.367790   -0.107990   -0.221070   -0.757620   -0.174640   -0.043690    0.496240   -0.008910   -0.129810
PAIR_LOG: 2 GLU    0.152200    0.466410   -0.054210   -0.068020    0.295420   -0.014560   -0.385760    0.516960   -0.848990    0.475910    0.215350   -0.290500   -0.085120   -0.226370   -0.731070   -0.211430   -0.126500    0.416910   -0.097990   -0.038150
PAIR_LOG: 2 PHE   -0.149050   -0.088720    0.333800    0.295420   -0.199250    0.052650    0.094310   -0.092490    0.311580   -0.126900   -0.119970    0.270390    0.161210    0.116890    0.279970    0.098140    0.148060   -0.122690   -0.057150   -0.037040
PAIR_LOG: 2 GLY   -0.056620   -0.156180   -0.134540   -0.014560    0.052650   -0.140510   -0.170650    0.276350   -0.131110    0.332030    0.151930   -0.207220   -0.056920   -0.165060   -0.114930   -0.209710   -0.086350    0.142010   -0.094350   -0.009280
PAIR_LOG: 2 HIS    0.021430   -0.089470   -0.510820   -0.385760    0.094310   -0.170650   -0.550550    0.513690    0.150450    0.314030    0.047390   -0.220950   -0.053160   -0.130220    0.028410   -0.193780   -0.089040    0.341770   -0.027960    0.007390
PAIR_LOG: 2 ILE   -0.031930    0.082760    0.640690    0.516960   -0.092490    0.276350    0.513690   -0.385310    0.375020   -0.357080   -0.153590    0.490790    0.196670    0.314590    0.347740    0.351970    0.114280   -0.274820    0.134030    0.082370
PAIR_LOG: 2 LYS    0.146820    0.301830   -0.837730   -0.848990    0.311580   -0.131110    0.150450    0.375020    0.069080    0.425220    0.327820   -0.289080   -0.014200   -0.216440    0.057220   -0.131030   -0.129970    0.331100    0.143210   -0.031100
PAIR_LOG: 2 LEU    0.018650    0.033090    0.671070    0.475910   -0.126900    0.332030    0.314030   -0.357080    0.425220   -0.365930   -0.140990    0.499540    0.200020    0.322150    0.311160    0.342070    0.157230   -0.279410    0.135550    0.035940
PAIR_LOG: 2 MET   -0.086340   -0.031640    0.345010    0.215350   -0.119970    0.151930    0.047390   -0.153590    0.327820   -0.140990   -0.165140    0.134470    0.081850    0.137520    0.237470    0.108160    0.104410   -0.073850    0.001040   -0.011170
PAIR_LOG: 2 ASN    0.029560    0.050610   -0.367790   -0.290500    0.270390   -0.207220   -0.220950    0.490790   -0.289080    0.499540    0.134470   -0.437200   -0.222350   -0.290030   -0.204770   -0.237630   -0.150470    0.401940    0.036930    0.058000
PAIR_LOG: 2 PRO    0.080000   -0.095900   -0.107990   -0.085120    0.161210   -0.056920   -0.053160    0.196670   -0.014200    0.200020    0.081850   -0.222350   -0.205380   -0.188000   -0.117520   -0.111990   -0.133770    0.151230   -0.135910   -0.106610
PAIR_LOG: 2 GLN    0.088910    0.060700   -0.221070   -0.226370    0.116890   -0.165060   -0.130220    0.314590   -0.216440    0.322150    0.137520   -0.290030   -0.188000   -0.253990   -0.108460   -0.193430   -0.160040    0.281200   -0.030320   -0.024190
PAIR_LOG: 2 ARG    0.095170    0.211920   -0.757620   -0.731070    0.279970   -0.114930    0.028410    0.347740    0.057220    0.311160    0.237470   -0.204770   -0.117520   -0.108460    0.075510   -0.188240   -0.058000    0.332490    0.040190    0.015510
PAIR_LOG: 2 SER    0.003500   -0.062030   -0.174640   -0.211430    0.098140   -0.209710   -0.193780    0.351970   -0.131030    0.342070    0.108160   -0.237630   -0.111990   -0.193430   -0.188240   -0.189280   -0.077830    0.254680   -0.031510   -0.021620
PAIR_LOG: 2 THR    0.005260   -0.028850   -0.043690   -0.126500    0.148060   -0.086350   -0.089040    0.114280   -0.129970    0.157230    0.104410   -0.150470   -0.133770   -0.160040   -0.058000   -0.077830   -0.082190    0.083080    0.037980    0.067920
PAIR_LOG: 2 VAL   -0.023540   -0.018490    0.496240    0.416910   -0.122690    0.142010    0.341770   -0.274820    0.331100   -0.279410   -0.073850    0.401940    0.151230    0.281200    0.332490    0.254680    0.083080   -0.259290    0.074990    0.041000
PAIR_LOG: 2 TRP   -0.112610   -0.173250   -0.008910   -0.097990   -0.057150   -0.094350   -0.027960    0.134030    0.143210    0.135550    0.001040    0.036930   -0.135910   -0.030320    0.040190   -0.031510    0.037980    0.074990   -0.051000   -0.008890
PAIR_LOG: 2 TYR   -0.053140    0.002010   -0.129810   -0.038150   -0.037040   -0.009280    0.007390    0.082370   -0.031100    0.035940   -0.011170    0.058000   -0.106610   -0.024190    0.015510   -0.021620    0.067920    0.041000   -0.008890    0.001580
PAIR_LOG: 3 ALA   -0.067110    0.049170    0.086860    0.101100    0.025830    0.026050    0.064560   -0.100280    0.061670   -0.089880   -0.032200    0.092630    0.045660    0.071890    0.061540    0.053560    0.047400   -0.072790    0.087320    0.039040
PAIR_LOG: 3 CYS    0.049170   -0.171100    0.082740    0.128370   -0.055230   -0.068680   -0.051220    0.008540    0.104030   -0.007330   -0.106780    0.020320    0.019660    0.026980    0.103410   -0.008360   -0.043990    0.007720   -0.025720   -0.013890
PAIR_LOG: 3 ASP    0.086860    0.082740   -0.172100   -0.144420    0.145680   -0.017980   -0.122340    0.170480   -0.281300    0.148790    0.066300   -0.150170   -0.055720   -0.121960   -0.309460    0.000090    0.007580    0.147790    0.022630   -0.058510
PAIR_LOG: 3 GLU    0.101100    0.128370   -0.144420   -0.170050    0.118310    0.045710   -0.084730    0.143490   -0.322080    0.149170    0.071440   -0.092840   -0.106340   -0.106310   -0.289820    0.007020   -0.021330    0.118950   -0.049210   -0.081860
PAIR_LOG: 3 PHE    0.025830   -0.055230    0.145680    0.118310   -0.101400    0.070230    0.037010   -0.088830    0.140620   -0.118080   -0.113970    0.097360    0.123700    0.064100    0.152120   -0.012940    0.031080   -0.048550   -0.111080   -0.021730
PAIR_LOG: 3 GLY    0.026050   -0.068680   -0.017980    0.045710    0.070230   -0.080890   -0.007880    0.026720    0.002190    0.013800   -0.021770   -0.027920   -0.046980   -0.020510   -0.050250    0.008670   -0.007960    0.023400    0.104050    0.040000
PAIR_LOG: 3 HIS    0.064560   -0.051220   -0.122340   -0.084730    0.037010   -0.007880   -0.360060    0.167150    0.053960    0.122720    0.037680   -0.071180   -0.058510   -0.072350   -0.022350   -0.064470   -0.035120    0.070750   -0.118360   -0.033060
PAIR_LOG: 3 ILE   -0.100280    0.008540    0.170480    0.143490   -0.088830    0.026720    0.167150   -0.127460    0.169850   -0.086440   -0.006340    0.169540    0.129300    0.135630    0.191110    0.042140    0.004180   -0.136050    0.034300    0.021350
PAIR_LOG: 3 LYS    0.061670    0.104030   -0.281300   -0.322080    0.140620    0.002190    0.053960    0.169850   -0.195070    0.107640    0.150210   -0.175890   -0.126270   -0.161540   -0.033480   -0.037680   -0.015720    0.122230    0.147020    0.064470
PAIR_LOG: 3 LEU   -0.089880   -0.007330    0.148790    0.149170   -0.118080    0.013800    0.122720   -0.086440    0.107640   -0.060270    0.014060    0.128180    0.074670    0.129210    0.185130    0.012890    0.010680   -0.067010   -0.060070    0.006770
PAIR_LOG: 3 MET   -0.032200   -0.106780    0.066300    0.071440   -0.113970   -0.021770    0.037680   -0.006340    0.150210    0.014060   -0.009590    0.114480    0.093560    0.019640    0.070680   -0.024110   -0.009490   -0.015080   -0.066440   -0.000960
PAIR_LOG: 3 ASN    0.092630    0.020320   -0.150170   -0.092840    0.097360   -0.027920   -0.071180    0.169540   -0.175890    0.128180    0.114480   -0.179670   -0.091110   -0.117940   -0.157730   -0.075090   -0.026490    0.108020    0.009870   -0.016610
PAIR_LOG: 3 PRO    0.045660    0.019660   -0.055720   -0.106340    0.123700   -0.046980   -0.058510    0.129300   -0.126270    0.074670    0.093560   -0.091110   -0.136480   -0.088580   -0.166150   -0.021110    0.024460    0.111690    0.010480   -0.055900
PAIR_LOG: 3 GLN    0.071890    0.026980   -0.121960   -0.106310    0.064100   -0.020510   -0.072350    0.135630   -0.161540    0.129210    0.019640   -0.117940   -0.088580   -0.096930   -0.134860   -0.054240   -0.018170    0.118130   -0.068670   -0.047130
PAIR_LOG: 3 ARG    0.061540    0.103410   -0.309460   -0.289820    0.152120   -0.050250   -0.022350    0.191110   -0.033480    0.185130    0.070680   -0.157730   -0.166150   -0.134860   -0.084740   -0.091780   -0.046500    0.172880    0.077350    0.022320
PAIR_LOG: 3 SER    0.053560   -0.008360    0.000090    0.007020   -0.012940    0.008670   -0.064470    0.042140   -0.037680    0.012890   -0.024110   -0.075090   -0.021110   -0.054240   -0.091780    0.011700   -0.013900    0.037540    0.018890    0.001390
PAIR_LOG: 3 THR    0.047400   -0.043990    0.007580   -0.021330    0.031080   -0.007960   -0.035120    0.004180   -0.015720    0.010680   -0.009490   -0.026490    0.024460   -0.018170   -0.046500   -0.013900   -0.016060    0.010240    0.016500    0.006330
PAIR_LOG: 3 VAL   -0.072790    0.007720    0.147790    0.118950   -0.048550    0.023400    0.070750   -0.136050    0.122230   -0.067010   -0.015080    0.108020    0.111690    0.118130    0.172880    0.037540    0.010240   -0.107560    0.015940    0.033190
PAIR_LOG: 3 TRP    0.087320   -0.025720    0.022630   -0.049210   -0.111080    0.104050   -0.118360    0.034300    0.147020   -0.060070   -0.066440    0.009870    0.010480   -0.068670    0.077350    0.018890    0.016500    0.015940   -0.075220   -0.090710
PAIR_LOG: 3 TYR    0.039040   -0.013890   -0.058510   -0.081860   -0.021730    0.040000   -0.033060    0.021350    0.064470    0.006770   -0.000960   -0.016610   -0.055900   -0.047130    0.022320    0.001390    0.006330    0.033190   -0.090710   -0.039250
PAIR_LOG: 4 ALA   -0.014270    0.013820    0.033480    0.028970   -0.023170    0.033710    0.016520   -0.044170    0.022230   -0.028470    0.004640    0.038540    0.022630    0.020230    0.003190    0.002750    0.006400   -0.020050    0.010540    0.012090
PAIR_LOG: 4 CYS    0.013820   -0.037520    0.056710    0.032320   -0.062540   -0.024240   -0.065860    0.043230    0.088140    0.005560    0.003280    0.000850   -0.021980    0.026670   -0.021610   -0.016020   -0.013310   -0.015580   -0.098860    0.034350
PAIR_LOG: 4 ASP    0.033480    0.056710   -0.014880   -0.006970    0.022310   -0.021000    0.013510    0.008680   -0.056160    0.007460    0.024950   -0.015650   -0.088840   -0.004340   -0.046080    0.016740   -0.012760    0.034100   -0.032070   -0.008680
PAIR_LOG: 4 GLU    0.028970    0.032320   -0.006970   -0.080090    0.010090    0.033800    0.016150    0.030180   -0.092810   -0.028560    0.008470   -0.017930   -0.053300   -0.026550   -0.054320    0.047240   -0.002500    0.047750   -0.011590    0.001130
PAIR_LOG: 4 PHE   -0.023170   -0.062540    0.022310    0.010090    0.032210    0.002800   -0.001130   -0.024990    0.015230   -0.004210    0.007350    0.007090    0.058230    0.019410    0.007930   -0.002360    0.010790   -0.006260   -0.029700    0.001650
PAIR_LOG: 4 GLY    0.033710   -0.024240   -0.021000    0.033800    0.002800   -0.020230   -0.085430    0.000720    0.060720    0.037200    0.000330   -0.005280   -0.015070   -0.026580    0.009330   -0.025730   -0.016280    0.004200   -0.062400   -0.015050
PAIR_LOG: 4 HIS    0.016520   -0.065860    0.013510    0.016150   -0.001130   -0.085430   -0.116990    0.061190    0.074290   -0.001830    0.035150   -0.026160    0.023300   -0.001060    0.022890    0.002370    0.011880    0.016400   -0.056140   -0.015760
PAIR_LOG: 4 ILE   -0.044170    0.043230    0.008680    0.030180   -0.024990    0.000720    0.061190   -0.034380    0.000040   -0.010160   -0.043610    0.025170    0.079100    0.041620    0.061280    0.005880   -0.021530   -0.042320    0.090420    0.071980
PAIR_LOG: 4 LYS    0.022230    0.088140   -0.056160   -0.092810    0.015230    0.060720    0.074290    0.000040   -0.123430   -0.018610    0.035960   -0.046890   -0.067790    0.013060   -0.038420    0.054130    0.022930    0.019470    0.033460    0.001940
PAIR_LOG: 4 LEU   -0.028470    0.005560    0.007460   -0.028560   -0.004210    0.037200   -0.001830   -0.010160   -0.018610   -0.014090    0.015460    0.022760    0.046620   -0.005160    0.018660   -0.001360    0.005330   -0.007210    0.054140    0.032880
PAIR_LOG: 4 MET    0.004640    0.003280    0.024950    0.008470    0.007350    0.000330    0.035150   -0.043610    0.035960    0.015460   -0.085610   -0.001450    0.021190    0.012840    0.043840   -0.026910    0.005680    0.034340   -0.018710   -0.012830
PAIR_LOG: 4 ASN    0.038540    0.000850   -0.015650   -0.017930    0.007090   -0.005280   -0.026160    0.025170   -0.046890    0.022760   -0.001450   -0.030110   -0.075120   -0.025050   -0.050110   -0.009880    0.005710    0.049890   -0.018200   -0.022620
PAIR_LOG: 4 PRO    0.022630   -0.021980   -0.088840   -0.053300    0.058230   -0.015070    0.023300    0.079100   -0.067790    0.046620    0.021190   -0.075120   -0.083180   -0.063240   -0.013420    0.004690    0.014340    0.061600   -0.019740   -0.047740
PAIR_LOG: 4 GLN    0.020230    0.026670   -0.004340   -0.026550    0.019410   -0.026580   -0.001060    0.041620    0.013060   -0.005160    0.012840   -0.025050   -0.063240   -0.066010   -0.022140    0.022460    0.016480    0.017710    0.001470   -0.033310
PAIR_LOG: 4 ARG    0.003190   -0.021610   -0.046080   -0.054320    0.007930    0.009330    0.022890    0.061280   -0.038420    0.018660    0.043840   -0.050110   -0.013420   -0.022140   -0.074010   -0.000750    0.035150    0.036220   -0.033690   -0.046630
PAIR_LOG: 4 SER    0.002750   -0.016020    0.016740    0.047240   -0.002360   -0.025730    0.002370    0.005880    0.054130   -0.001360   -0.026910   -0.009880    0.004690    0.022460   -0.000750   -0.014420    0.006700   -0.000120   -0.031030   -0.030880
PAIR_LOG: 4 THR    0.006400   -0.013310   -0.012760   -0.002500    0.010790   -0.016280    0.011880   -0.021530    0.022930    0.005330    0.005680    0.005710    0.014340    0.016480    0.035150    0.006700   -0.005610   -0.014480    0.083900   -0.027090
PAIR_LOG: 4 VAL   -0.020050   -0.015580    0.034100    0.047750   -0.006260    0.004200    0.016400   -0.042320    0.019470   -0.007210    0.034340    0.049890    0.061600    0.017710    0.036220   -0.000120   -0.014480   -0.066840    0.037850    0.033520
PAIR_LOG: 4 TRP    0.010540   -0.098860   -0.032070   -0.011590   -0.029700   -0.062400   -0.056140    0.090420    0.033460    0.054140   -0.018710   -0.018200   -0.019740    0.001470   -0.033690   -0.031030    0.083900    0.037850   -0.111490   -0.011960
PAIR_LOG: 4 TYR    0.012090    0.034350   -0.008680    0.001130    0.001650   -0.015050   -0.015760    0.071980    0.001940    0.032880   -0.012830   -0.022620   -0.047740   -0.033310   -0.046630   -0.030880   -0.027090    0.033520   -0.011960   -0.058340
PAIR_LOG: 5 ALA    0.003470   -0.001800   -0.004140   -0.004060    0.002120   -0.001060   -0.003210    0.007460   -0.003680    0.004820    0.001770   -0.003910   -0.002580   -0.003430   -0.003350   -0.001670   -0.001160    0.005900   -0.001930   -0.001100
PAIR_LOG: 5 CYS   -0.001800    0.108380   -0.014890   -0.018320    0.014870    0.003620    0.004240    0.005080   -0.018730    0.006480    0.009170   -0.007970   -0.003020   -0.009910   -0.011950   -0.001040    0.000050    0.009330    0.012940    0.002600
PAIR_LOG: 5 ASP   -0.004140   -0.014890    0.007860    0.007270   -0.011380    0.002420    0.006850   -0.014510    0.016400   -0.012300   -0.007380    0.008250    0.005910    0.006440    0.016000    0.003050    0.001700   -0.013020   -0.003410   -0.001560
PAIR_LOG: 5 GLU   -0.004060   -0.018320    0.007270    0.009470   -0.010300   -0.000920    0.003520   -0.014070    0.017910   -0.010410   -0.006240    0.006810    0.005880    0.007280    0.015220    0.002270    0.002150   -0.012500   -0.001990   -0.002210
PAIR_LOG: 5 PHE    0.002120    0.014870   -0.011380   -0.010300    0.012720   -0.003780   -0.002220    0.013760   -0.010450    0.013040    0.009800   -0.008420   -0.008070   -0.007040   -0.009020   -0.002830   -0.004600    0.010120    0.009390    0.004030
PAIR_LOG: 5 GLY   -0.001060    0.003620    0.002420   -0.000920   -0.003780    0.005260    0.003940   -0.005670    0.000070   -0.006590   -0.001840    0.003400    0.002350    0.002420    0.001940    0.003150    0.002150   -0.003660   -0.000640   -0.001130
PAIR_LOG: 5 HIS   -0.003210    0.004240    0.006850    0.003520   -0.002220    0.003940    0.020240   -0.012330   -0.002890   -0.006810   -0.002570    0.003620    0.001670    0.002180   -0.000070    0.003290    0.002120   -0.006680    0.006170    0.001130
PAIR_LOG: 5 ILE    0.007460    0.005080   -0.014510   -0.014070    0.013760   -0.005670   -0.012330    0.026960   -0.013110    0.018960    0.009190   -0.013380   -0.011900   -0.011970   -0.014010   -0.007420   -0.002320    0.021640   -0.002330   -0.000350
PAIR_LOG: 5 LYS   -0.003680   -0.018730    0.016400    0.017910   -0.010450    0.000070   -0.002890   -0.013110    0.009940   -0.010010   -0.008530    0.008230    0.005790    0.007650    0.004160    0.001510    0.001270   -0.011610   -0.006230   -0.003550
PAIR_LOG: 5 LEU    0.004820    0.006480   -0.012300   -0.010410    0.013040   -0.006590   -0.006810    0.018960   -0.010010    0.017000    0.005080   -0.011130   -0.008320   -0.008700   -0.010490   -0.005670   -0.003800    0.014320    0.001520    0.002040
PAIR_LOG: 5 MET    0.001770    0.009170   -0.007380   -0.006240    0.009800   -0.001840   -0.002570    0.009190   -0.008530    0.005080    0.008820   -0.005080   -0.004970   -0.003850   -0.006690   -0.001050   -0.002360    0.003300    0.004840    0.003870
PAIR_LOG: 5 ASN   -0.003910   -0.007970    0.008250    0.006810   -0.008420    0.003400    0.003620   -0.013380    0.008230   -0.011130   -0.005080    0.010020    0.006600    0.006890    0.007390    0.004640    0.002450   -0.011700   -0.002630   -0.001750
PAIR_LOG: 5 PRO   -0.002580   -0.003020    0.005910    0.005880   -0.008070    0.002350    0.001670   -0.011900    0.005790   -0.008320   -0.004970    0.006600    0.007130    0.006060    0.005490    0.001890    0.000500   -0.009720    0.002550    0.003760
PAIR_LOG: 5 GLN   -0.003430   -0.009910    0.006440    0.007280   -0.007040    0.002420    0.002180   -0.011970    0.007650   -0.008700   -0.003850    0.006890    0.006060    0.007450    0.006090    0.002640    0.001920   -0.009520   -0.000500   -0.000110
PAIR_LOG: 5 ARG   -0.003350   -0.011950    0.016000    0.015220   -0.009020    0.001940   -0.000070   -0.014010    0.004160   -0.010490   -0.006690    0.007390    0.005490    0.006090    0.004070    0.003640    0.000800   -0.012080   -0.001350   -0.000620
PAIR_LOG: 5 SER   -0.001670   -0.001040    0.003050    0.002270   -0.002830    0.003150    0.003290   -0.007420    0.001510   -0.005670   -0.001050    0.004640    0.001890    0.002640    0.003640    0.002490    0.001880   -0.005220   -0.001120   -0.000710
PAIR_LOG: 5 THR   -0.001160    0.000050    0.001700    0.002150   -0.004600    0.002150    0.002120   -0.002320    0.001270   -0.003800   -0.002360    0.002450    0.000500    0.001920    0.000800    0.001880    0.001850   -0.001760   -0.004730   -0.001550
PAIR_LOG: 5 VAL    0.005900    0.009330   -0.013020   -0.012500    0.010120   -0.003660   -0.006680    0.021640   -0.011610    0.014320    0.003300   -0.011700   -0.009720   -0.009520   -0.012080   -0.005220   -0.001760    0.020800   -0.000820   -0.000120
PAIR_LOG: 5 TRP   -0.001930    0.012940   -0.003410   -0.001990    0.009390   -0.000640    0.006170   -0.002330   -0.006230    0.001520    0.004840   -0.002630    0.002550   -0.000500   -0.001350   -0.001120   -0.004730   -0.000820    0.008440    0.005080
PAIR_LOG: 5 TYR   -0.001100    0.002600   -0.001560   -0.002210    0.004030   -0.001130    0.001130   -0.000350   -0.003550    0.002040    0.003870   -0.001750    0.003760   -0.000110   -0.000620   -0.000710   -0.001550   -0.000120    0.005080    0.004980
