function [cbeta6,cbeta12,cenpack,env,pair_counts,pair_old] = load_tables()

cbeta6 = [ 0.618900 0.619800 0.357300 0.279900 0.228800 0.275500 0.306700 0.410200 0.606500 0.606500 0.606500 0.606500 0.606500 0.606500 0.606500 0.606500 0.606500 0.606500 0.606500 0.606500 0.606500 0.606500 0.606500 0.606500 0.606500 0.606500 0.606500 0.606500 0.606500 0.606500 0.606500 0.606500 0.606500 0.606500 0.606500 0.606500 0.606500 0.606500 0.606500 0.606500 0.606500 0.606500 0.606500 0.606500 0.606500];

cbeta12 = [ 0.138300 0.138300 0.138300 0.138300 0.138300 0.130900 0.115700 0.106900 0.101300 0.094400 0.088200 0.083500 0.077100 0.075700 0.074000 0.073100 0.070400 0.070300 0.068800 0.069400 0.070900 0.072000 0.072900 0.074400 0.076200 0.079100 0.081500 0.082500 0.086100 0.088400 0.092200 0.094200 0.096300 0.102200 0.103700 0.109100 0.110700 0.115900 0.121500 0.131500 0.132300 0.142700 0.150600 0.156400 0.156400];

cenpack = [ 1.41640 1.41640 1.41640 1.41640 1.41640 1.41640 1.41640 1.41640 1.41640 1.41640 1.41640 1.41640 1.41640 1.41640 1.41640 1.34879 1.26321 1.41126 1.04062 1.32634 1.21590 1.17593 1.17736 1.12760 1.14841 0.95829 1.00708 0.92431 0.81809 0.79747 0.65308 0.64273 0.51349 0.46635 0.37186 0.20699 0.16137 0.09686 -0.00143 -0.04904 -0.13305 -0.14444 -0.16689 -0.25425 -0.25223 -0.27366 -0.28487 -0.30148 -0.30376 -0.29090 -0.26104 -0.26818 -0.18952 -0.18254 -0.13800 -0.12473 -0.08532 -0.06890 -0.03183 -0.02379 -0.01371 0.02235 0.04125 0.09542 0.11937 0.11762 0.13437 0.13544 0.16683 0.17090 0.16978 0.14705 0.16138 0.15677 0.12790 0.14213 0.13141 0.10548 0.09670 0.09010 0.09170 0.06510 0.05086 0.05124 0.04903 0.03258 0.02944 0.02203 0.01674 0.00446 0.01098 0.01808 -0.01358 0.00296 0.00350 -0.00199 -0.00737 -0.00698 -0.00489 -0.05050 -0.05704 -0.05773 -0.05163 -0.04760 -0.04140 -0.05405 -0.04531 -0.03361 -0.04713 -0.04211 -0.03348 -0.03796 -0.02672 -0.02450 -0.01789 -0.00972 -0.02324 -0.02444 -0.01871 -0.02417];

env = [ 0.789500 0.789500 0.789500 0.789500 0.789500 0.890000 0.771400 0.584700 0.410300 0.281600 0.203600 0.165600 0.151600 0.145600 0.135100 0.113300 0.078300 0.032600 -0.018300 -0.068200 -0.111300 -0.143900 -0.164900 -0.176700 -0.184300 -0.195100 -0.216900 -0.256800 -0.319100 -0.403700 -0.505200 -0.612900 -0.711400 -0.784500 -0.820400 -0.820700 -0.820700 -0.820700 -0.820700 -0.820700 ; ...
1.689200 1.689200 1.689200 1.689200 1.689200 1.689200 1.689200 1.689200 1.918600 1.798900 1.542200 1.259700 0.998900 0.771200 0.571100 0.388000 0.213700 0.045300 -0.114900 -0.260600 -0.384000 -0.478600 -0.541700 -0.575000 -0.585900 -0.585900 -0.588400 -0.605700 -0.644500 -0.701400 -0.758900 -0.781500 -0.714800 -0.486000 -0.486000 -0.486000 -0.486000 -0.486000 -0.486000 -0.486000 ; ...
 0.171400 0.171400 0.171400 0.171400 -0.315700 -0.537700 -0.608500 -0.602500 -0.564500 -0.518000 -0.471700 -0.425600 -0.375200 -0.314600 -0.239400 -0.147100 -0.038700 0.082400 0.210200 0.337500 0.457300 0.563400 0.651900 0.721500 0.773500 0.811200 0.837400 0.851300 0.843600 0.789300 0.638800 0.638800 0.638800 0.638800 0.638800 0.638800 0.638800 0.638800 0.638800 0.638800 ; ...
 -0.801000 -0.801000 -0.801000 -0.924000 -1.003500 -1.024300 -0.991000 -0.917300 -0.819000 -0.709100 -0.596200 -0.484000 -0.371900 -0.256800 -0.134500 -0.001400 0.144300 0.301200 0.465400 0.629800 0.785800 0.924400 1.037900 1.121500 1.175000 1.203000 1.214700 1.221500 1.232300 1.245700 1.238400 1.149200 1.149200 1.149200 1.149200 1.149200 1.149200 1.149200 1.149200 1.149200 ; ...
 0.651200 0.651200 0.651200 0.651200 0.651200 0.832000 1.034900 1.187900 1.259500 1.244600 1.154100 1.006700 0.823600 0.624400 0.425500 0.238500 0.070700 -0.074700 -0.197200 -0.298400 -0.380600 -0.445700 -0.494700 -0.527300 -0.541500 -0.534400 -0.502500 -0.442800 -0.354000 -0.237800 -0.099700 0.049700 0.194800 0.314800 0.385900 0.385900 0.385900 0.385900 0.385900 0.385900 ; ...
 0.904000 0.904000 0.904000 0.904000 0.904000 0.904000 0.603500 0.348700 0.158600 0.031900 -0.042500 -0.078900 -0.090600 -0.088000 -0.077400 -0.062000 -0.042400 -0.018200 0.011100 0.044700 0.079900 0.112000 0.134400 0.139700 0.120400 0.070800 -0.011700 -0.125500 -0.263600 -0.414000 -0.561200 -0.689800 -0.789500 -0.865000 -0.947600 -1.113000 -1.503100 -1.503100 -1.503100 -1.503100 ; ...
 -0.107000 -0.107000 -0.107000 -0.107000 -0.107000 0.150700 0.217900 0.201700 0.157500 0.109500 0.064400 0.021300 -0.022200 -0.067100 -0.111600 -0.151200 -0.180200 -0.193100 -0.185700 -0.156700 -0.107900 -0.044700 0.025100 0.092200 0.147600 0.184100 0.198800 0.193300 0.174100 0.151200 0.133200 0.120500 0.093800 0.093800 0.093800 0.093800 0.093800 0.093800 0.093800 0.093800 ; ...
 0.965000 0.965000 0.965000 0.965000 0.965000 1.315700 1.405600 1.355600 1.241400 1.106100 0.970400 0.841400 0.718200 0.596600 0.472300 0.342500 0.207100 0.068500 -0.068800 -0.198700 -0.315200 -0.412900 -0.488200 -0.540000 -0.569800 -0.581800 -0.581600 -0.574600 -0.563800 -0.546200 -0.508400 -0.421100 -0.233000 0.137600 0.137600 0.137600 0.137600 0.137600 0.137600 0.137600 ; ...
 -0.980600 -0.980600 -0.980600 -1.096200 -1.097200 -1.039400 -0.955500 -0.863300 -0.771300 -0.682400 -0.596200 -0.510500 -0.422100 -0.326900 -0.220700 -0.098800 0.042900 0.207700 0.396900 0.609500 0.840600 1.081300 1.318500 1.535400 1.713200 1.835200 1.891600 1.888300 1.858200 1.876500 2.081500 2.081500 2.081500 2.081500 2.081500 2.081500 2.081500 2.081500 2.081500 2.081500 ; ...
 0.492600 0.492600 0.492600 0.492600 0.685200 0.876700 1.027800 1.119800 1.147200 1.114000 1.029100 0.904500 0.752300 0.584400 0.411000 0.240800 0.080500 -0.065200 -0.193000 -0.300800 -0.387800 -0.453800 -0.499200 -0.524500 -0.530800 -0.518600 -0.488600 -0.440700 -0.373600 -0.284100 -0.166100 -0.008600 0.206100 0.506100 0.506100 0.506100 0.506100 0.506100 0.506100 0.506100 ; ...
 -0.401700 -0.401700 -0.401700 -0.401700 -0.101700 0.291500 0.602400 0.770800 0.802200 0.733800 0.611000 0.473900 0.350200 0.253500 0.185400 0.138400 0.100900 0.061100 0.010500 -0.054100 -0.130600 -0.211900 -0.289100 -0.353700 -0.401300 -0.433200 -0.455800 -0.476700 -0.494400 -0.481400 -0.356300 0.055600 0.055600 0.055600 0.055600 0.055600 0.055600 0.055600 0.055600 0.055600 ; ...
 0.069600 0.069600 0.069600 0.069600 -0.362900 -0.501300 -0.504500 -0.459000 -0.405800 -0.358800 -0.318700 -0.280600 -0.239500 -0.192200 -0.137700 -0.077100 -0.012200 0.055200 0.124100 0.193900 0.264700 0.335600 0.404500 0.466500 0.513700 0.536900 0.527900 0.486600 0.430600 0.411000 0.534800 0.534800 0.534800 0.534800 0.534800 0.534800 0.534800 0.534800 0.534800 0.534800 ; ...
 0.509200 0.509200 0.509200 0.509200 0.509200 0.210300 0.042600 -0.057300 -0.125600 -0.179800 -0.225900 -0.263300 -0.288600 -0.297800 -0.287800 -0.257200 -0.206800 -0.139000 -0.057700 0.032200 0.125500 0.217000 0.301700 0.375700 0.435600 0.479400 0.506100 0.516200 0.512100 0.498900 0.485900 0.488200 0.529900 0.648100 0.648100 0.648100 0.648100 0.648100 0.648100 0.648100 ; ...
 -0.631800 -0.631800 -0.631800 -0.631800 -0.523000 -0.531600 -0.571700 -0.598000 -0.592400 -0.553700 -0.489500 -0.410300 -0.326000 -0.243300 -0.165300 -0.091000 -0.016800 0.062600 0.151900 0.254200 0.369200 0.492300 0.614600 0.723600 0.804800 0.845700 0.839900 0.794200 0.736900 0.729200 0.877100 0.877100 0.877100 0.877100 0.877100 0.877100 0.877100 0.877100 0.877100 0.877100 ; ...
 -0.949700 -0.949700 -0.949700 -0.858500 -0.747100 -0.640500 -0.550600 -0.480700 -0.428600 -0.390000 -0.359400 -0.331500 -0.301900 -0.267000 -0.224300 -0.172000 -0.108900 -0.033800 0.053900 0.155000 0.269900 0.398600 0.540100 0.692000 0.849600 1.005300 1.148000 1.262200 1.327500 1.318500 1.205000 1.205000 1.205000 1.205000 1.205000 1.205000 1.205000 1.205000 1.205000 1.205000 ; ...
