function [cbeta6,cbeta12,cenpack,env,pair_counts,pair_old] = load_tables()

cbeta6 = [ 0.618900 0.619800 0.357300 0.279900 0.228800 0.275500 0.306700 0.410200 0.606500 0.606500 0.606500 0.606500 0.606500 0.606500 0.606500 0.606500 0.606500 0.606500 0.606500 0.606500 0.606500 0.606500 0.606500 0.606500 0.606500 0.606500 0.606500 0.606500 0.606500 0.606500 0.606500 0.606500 0.606500 0.606500 0.606500 0.606500 0.606500 0.606500 0.606500 0.606500 0.606500 0.606500 0.606500 0.606500 0.606500];

cbeta12 = [ 0.138300 0.138300 0.138300 0.138300 0.138300 0.130900 0.115700 0.106900 0.101300 0.094400 0.088200 0.083500 0.077100 0.075700 0.074000 0.073100 0.070400 0.070300 0.068800 0.069400 0.070900 0.072000 0.072900 0.074400 0.076200 0.079100 0.081500 0.082500 0.086100 0.088400 0.092200 0.094200 0.096300 0.102200 0.103700 0.109100 0.110700 0.115900 0.121500 0.131500 0.132300 0.142700 0.150600 0.156400 0.156400];

cenpack = [ 1.41640 1.41640 1.41640 1.41640 1.41640 1.41640 1.41640 1.41640 1.41640 1.41640 1.41640 1.41640 1.41640 1.41640 1.41640 1.34879 1.26321 1.41126 1.04062 1.32634 1.21590 1.17593 1.17736 1.12760 1.14841 0.95829 1.00708 0.92431 0.81809 0.79747 0.65308 0.64273 0.51349 0.46635 0.37186 0.20699 0.16137 0.09686 -0.00143 -0.04904 -0.13305 -0.14444 -0.16689 -0.25425 -0.25223 -0.27366 -0.28487 -0.30148 -0.30376 -0.29090 -0.26104 -0.26818 -0.18952 -0.18254 -0.13800 -0.12473 -0.08532 -0.06890 -0.03183 -0.02379 -0.01371 0.02235 0.04125 0.09542 0.11937 0.11762 0.13437 0.13544 0.16683 0.17090 0.16978 0.14705 0.16138 0.15677 0.12790 0.14213 0.13141 0.10548 0.09670 0.09010 0.09170 0.06510 0.05086 0.05124 0.04903 0.03258 0.02944 0.02203 0.01674 0.00446 0.01098 0.01808 -0.01358 0.00296 0.00350 -0.00199 -0.00737 -0.00698 -0.00489 -0.05050 -0.05704 -0.05773 -0.05163 -0.04760 -0.04140 -0.05405 -0.04531 -0.03361 -0.04713 -0.04211 -0.03348 -0.03796 -0.02672 -0.02450 -0.01789 -0.00972 -0.02324 -0.02444 -0.01871 -0.02417];

env = [ 0.789500 0.789500 0.789500 0.789500 0.789500 0.890000 0.771400 0.584700 0.410300 0.281600 0.203600 0.165600 0.151600 0.145600 0.135100 0.113300 0.078300 0.032600 -0.018300 -0.068200 -0.111300 -0.143900 -0.164900 -0.176700 -0.184300 -0.195100 -0.216900 -0.256800 -0.319100 -0.403700 -0.505200 -0.612900 -0.711400 -0.784500 -0.820400 -0.820700 -0.820700 -0.820700 -0.820700 -0.820700 ; ...
1.689200 1.689200 1.689200 1.689200 1.689200 1.689200 1.689200 1.689200 1.918600 1.798900 1.542200 1.259700 0.998900 0.771200 0.571100 0.388000 0.213700 0.045300 -0.114900 -0.260600 -0.384000 -0.478600 -0.541700 -0.575000 -0.585900 -0.585900 -0.588400 -0.605700 -0.644500 -0.701400 -0.758900 -0.781500 -0.714800 -0.486000 -0.486000 -0.486000 -0.486000 -0.486000 -0.486000 -0.486000 ; ...
 0.171400 0.171400 0.171400 0.171400 -0.315700 -0.537700 -0.608500 -0.602500 -0.564500 -0.518000 -0.471700 -0.425600 -0.375200 -0.314600 -0.239400 -0.147100 -0.038700 0.082400 0.210200 0.337500 0.457300 0.563400 0.651900 0.721500 0.773500 0.811200 0.837400 0.851300 0.843600 0.789300 0.638800 0.638800 0.638800 0.638800 0.638800 0.638800 0.638800 0.638800 0.638800 0.638800 ; ...
 -0.801000 -0.801000 -0.801000 -0.924000 -1.003500 -1.024300 -0.991000 -0.917300 -0.819000 -0.709100 -0.596200 -0.484000 -0.371900 -0.256800 -0.134500 -0.001400 0.144300 0.301200 0.465400 0.629800 0.785800 0.924400 1.037900 1.121500 1.175000 1.203000 1.214700 1.221500 1.232300 1.245700 1.238400 1.149200 1.149200 1.149200 1.149200 1.149200 1.149200 1.149200 1.149200 1.149200 ; ...
 0.651200 0.651200 0.651200 0.651200 0.651200 0.832000 1.034900 1.187900 1.259500 1.244600 1.154100 1.006700 0.823600 0.624400 0.425500 0.238500 0.070700 -0.074700 -0.197200 -0.298400 -0.380600 -0.445700 -0.494700 -0.527300 -0.541500 -0.534400 -0.502500 -0.442800 -0.354000 -0.237800 -0.099700 0.049700 0.194800 0.314800 0.385900 0.385900 0.385900 0.385900 0.385900 0.385900 ; ...
 0.904000 0.904000 0.904000 0.904000 0.904000 0.904000 0.603500 0.348700 0.158600 0.031900 -0.042500 -0.078900 -0.090600 -0.088000 -0.077400 -0.062000 -0.042400 -0.018200 0.011100 0.044700 0.079900 0.112000 0.134400 0.139700 0.120400 0.070800 -0.011700 -0.125500 -0.263600 -0.414000 -0.561200 -0.689800 -0.789500 -0.865000 -0.947600 -1.113000 -1.503100 -1.503100 -1.503100 -1.503100 ; ...
 -0.107000 -0.107000 -0.107000 -0.107000 -0.107000 0.150700 0.217900 0.201700 0.157500 0.109500 0.064400 0.021300 -0.022200 -0.067100 -0.111600 -0.151200 -0.180200 -0.193100 -0.185700 -0.156700 -0.107900 -0.044700 0.025100 0.092200 0.147600 0.184100 0.198800 0.193300 0.174100 0.151200 0.133200 0.120500 0.093800 0.093800 0.093800 0.093800 0.093800 0.093800 0.093800 0.093800 ; ...
 0.965000 0.965000 0.965000 0.965000 0.965000 1.315700 1.405600 1.355600 1.241400 1.106100 0.970400 0.841400 0.718200 0.596600 0.472300 0.342500 0.207100 0.068500 -0.068800 -0.198700 -0.315200 -0.412900 -0.488200 -0.540000 -0.569800 -0.581800 -0.581600 -0.574600 -0.563800 -0.546200 -0.508400 -0.421100 -0.233000 0.137600 0.137600 0.137600 0.137600 0.137600 0.137600 0.137600 ; ...
 -0.980600 -0.980600 -0.980600 -1.096200 -1.097200 -1.039400 -0.955500 -0.863300 -0.771300 -0.682400 -0.596200 -0.510500 -0.422100 -0.326900 -0.220700 -0.098800 0.042900 0.207700 0.396900 0.609500 0.840600 1.081300 1.318500 1.535400 1.713200 1.835200 1.891600 1.888300 1.858200 1.876500 2.081500 2.081500 2.081500 2.081500 2.081500 2.081500 2.081500 2.081500 2.081500 2.081500 ; ...
 0.492600 0.492600 0.492600 0.492600 0.685200 0.876700 1.027800 1.119800 1.147200 1.114000 1.029100 0.904500 0.752300 0.584400 0.411000 0.240800 0.080500 -0.065200 -0.193000 -0.300800 -0.387800 -0.453800 -0.499200 -0.524500 -0.530800 -0.518600 -0.488600 -0.440700 -0.373600 -0.284100 -0.166100 -0.008600 0.206100 0.506100 0.506100 0.506100 0.506100 0.506100 0.506100 0.506100 ; ...
 -0.401700 -0.401700 -0.401700 -0.401700 -0.101700 0.291500 0.602400 0.770800 0.802200 0.733800 0.611000 0.473900 0.350200 0.253500 0.185400 0.138400 0.100900 0.061100 0.010500 -0.054100 -0.130600 -0.211900 -0.289100 -0.353700 -0.401300 -0.433200 -0.455800 -0.476700 -0.494400 -0.481400 -0.356300 0.055600 0.055600 0.055600 0.055600 0.055600 0.055600 0.055600 0.055600 0.055600 ; ...
 0.069600 0.069600 0.069600 0.069600 -0.362900 -0.501300 -0.504500 -0.459000 -0.405800 -0.358800 -0.318700 -0.280600 -0.239500 -0.192200 -0.137700 -0.077100 -0.012200 0.055200 0.124100 0.193900 0.264700 0.335600 0.404500 0.466500 0.513700 0.536900 0.527900 0.486600 0.430600 0.411000 0.534800 0.534800 0.534800 0.534800 0.534800 0.534800 0.534800 0.534800 0.534800 0.534800 ; ...
 0.509200 0.509200 0.509200 0.509200 0.509200 0.210300 0.042600 -0.057300 -0.125600 -0.179800 -0.225900 -0.263300 -0.288600 -0.297800 -0.287800 -0.257200 -0.206800 -0.139000 -0.057700 0.032200 0.125500 0.217000 0.301700 0.375700 0.435600 0.479400 0.506100 0.516200 0.512100 0.498900 0.485900 0.488200 0.529900 0.648100 0.648100 0.648100 0.648100 0.648100 0.648100 0.648100 ; ...
 -0.631800 -0.631800 -0.631800 -0.631800 -0.523000 -0.531600 -0.571700 -0.598000 -0.592400 -0.553700 -0.489500 -0.410300 -0.326000 -0.243300 -0.165300 -0.091000 -0.016800 0.062600 0.151900 0.254200 0.369200 0.492300 0.614600 0.723600 0.804800 0.845700 0.839900 0.794200 0.736900 0.729200 0.877100 0.877100 0.877100 0.877100 0.877100 0.877100 0.877100 0.877100 0.877100 0.877100 ; ...
 -0.949700 -0.949700 -0.949700 -0.858500 -0.747100 -0.640500 -0.550600 -0.480700 -0.428600 -0.390000 -0.359400 -0.331500 -0.301900 -0.267000 -0.224300 -0.172000 -0.108900 -0.033800 0.053900 0.155000 0.269900 0.398600 0.540100 0.692000 0.849600 1.005300 1.148000 1.262200 1.327500 1.318500 1.205000 1.205000 1.205000 1.205000 1.205000 1.205000 1.205000 1.205000 1.205000 1.205000 ; ...
 0.424700 0.424700 0.424700 0.424700 0.287500 0.129400 -0.010500 -0.115200 -0.181400 -0.213400 -0.218700 -0.205100 -0.178900 -0.145100 -0.106300 -0.063900 -0.018300 0.030000 0.080100 0.130400 0.177900 0.218700 0.248400 0.262100 0.256200 0.228300 0.178500 0.110200 0.029800 -0.053400 -0.128900 -0.186900 -0.223100 -0.244400 -0.277100 -0.277100 -0.277100 -0.277100 -0.277100 -0.277100 ; ...
 0.483200 0.483200 0.483200 0.483200 0.483200 0.426900 0.334800 0.228000 0.120200 0.020700 -0.064400 -0.131200 -0.177300 -0.201600 -0.204300 -0.186700 -0.151400 -0.102200 -0.043900 0.017900 0.077300 0.128500 0.166400 0.187000 0.188400 0.170700 0.136200 0.089400 0.036100 -0.018400 -0.071400 -0.126200 -0.197200 -0.316100 -0.316100 -0.316100 -0.316100 -0.316100 -0.316100 -0.316100 ; ...
 0.943300 0.943300 0.943300 0.943300 0.943300 1.166500 1.247600 1.230300 1.149000 1.029600 0.891100 0.746000 0.602400 0.464800 0.335100 0.213800 0.100500 -0.005200 -0.103400 -0.194100 -0.276300 -0.349100 -0.411200 -0.461600 -0.499500 -0.525000 -0.539100 -0.543100 -0.538900 -0.527500 -0.508000 -0.475000 -0.416000 -0.307200 -0.307200 -0.307200 -0.307200 -0.307200 -0.307200 -0.307200 ; ...
 0.739900 0.739900 0.739900 0.739900 0.739900 0.739900 0.739900 1.085500 1.141400 1.072400 0.957600 0.826600 0.684800 0.529500 0.359300 0.177400 -0.007500 -0.183200 -0.336400 -0.456000 -0.534600 -0.570400 -0.566300 -0.529200 -0.467400 -0.387900 -0.294200 -0.184800 -0.054700 0.099200 0.267300 0.408800 0.408800 0.408800 0.408800 0.408800 0.408800 0.408800 0.408800 0.408800 ; ...
 0.789300 0.789300 0.789300 0.789300 0.789300 0.789300 0.798300 0.827800 0.850800 0.846700 0.803100 0.715800 0.588100 0.429000 0.251500 0.070300 -0.100100 -0.247000 -0.360900 -0.436500 -0.472600 -0.471800 -0.439800 -0.384400 -0.313200 -0.232500 -0.145400 -0.050600 0.058500 0.193400 0.368900 0.599600 0.599600 0.599600 0.599600 0.599600 0.599600 0.599600 0.599600 0.599600 ];

pair_old = zeros(5,20,20);
pair_old(1,:,:) = [ ...
 -0.135710 0.230790 0.333970 0.264710 0.081390 -0.014670 0.324130 -0.221760 0.398940 -0.150250 0.035210 0.259350 0.036150 0.265750 0.371210 0.104750 -0.046790 -0.271340 0.200010 0.128350; ...
 0.230790 -1.792430 0.530240 0.663600 0.096410 0.204230 0.243830 0.125340 0.731780 0.107470 0.044620 0.324810 -0.044770 0.252000 0.491030 0.112830 0.275390 0.097780 0.094010 0.164640; ...
 0.333970 0.530240 0.067040 0.245720 0.537840 -0.224350 -0.474020 0.449720 -0.900140 0.382000 0.323170 -0.418300 -0.214490 -0.000610 -0.782430 -0.502850 -0.365790 0.446580 0.503780 0.464730; ...
 0.264710 0.663600 0.245720 0.511010 0.251340 0.149220 -0.106740 0.219450 -0.923640 0.198920 0.151610 -0.180100 -0.141940 -0.058350 -0.786070 -0.353120 -0.291440 0.227640 0.160710 0.188830; ...
 0.081390 0.096410 0.537840 0.251340 -0.246510 0.212930 0.039230 -0.191060 0.048280 -0.226820 -0.233600 0.266080 -0.104840 0.143400 0.031360 0.280050 0.374720 -0.082260 -0.135880 -0.015260; ...
 -0.014670 0.204230 -0.224350 0.149220 0.212930 -0.481150 0.086030 0.365270 0.005010 0.306170 0.146090 -0.370690 -0.184380 -0.018900 -0.083190 -0.271190 -0.245510 0.231050 0.243440 0.106400; ...
 0.324130 0.243830 -0.474020 -0.106740 0.039230 0.086030 -0.233170 0.105530 0.003610 0.114430 0.014160 -0.004200 -0.278770 -0.030460 -0.108940 -0.113020 -0.256240 0.157870 -0.172290 0.026910; ...
 -0.221760 0.125340 0.449720 0.219450 -0.191060 0.365270 0.105530 -0.317020 0.216970 -0.126060 -0.087900 0.382820 0.560310 0.205550 0.335840 0.312990 0.286670 -0.196340 -0.159830 -0.169640; ...
 0.398940 0.731780 -0.900140 -0.923640 0.048280 0.005010 0.003610 0.216970 0.564070 0.212920 0.153630 -0.070380 0.040810 -0.248040 0.551550 0.027150 -0.132190 0.237840 -0.245860 -0.168960; ...
 -0.150250 0.107470 0.382000 0.198920 -0.226820 0.306170 0.114430 -0.126060 0.212920 -0.199830 -0.128600 0.353590 0.352170 0.075230 0.197840 0.271350 0.310110 -0.106410 -0.168430 -0.206090; ...
 0.035210 0.044620 0.323170 0.151610 -0.233600 0.146090 0.014160 -0.087900 0.153630 -0.128600 -0.139980 0.028820 0.112870 -0.035420 0.129990 0.196960 0.300900 0.006370 -0.099980 -0.229240; ...
 0.259350 0.324810 -0.418300 -0.180100 0.266080 -0.370690 -0.004200 0.382820 -0.070380 0.353590 0.028820 -0.614550 -0.201750 -0.261430 -0.270500 -0.288250 -0.285310 0.474510 0.286020 0.126380; ...
 0.036150 -0.044770 -0.214490 -0.141940 -0.104840 -0.184380 -0.278770 0.560310 0.040810 0.352170 0.112870 -0.201750 -0.041700 -0.165690 -0.069990 -0.107910 0.028440 0.397610 -0.559080 -0.416130; ...
 0.265750 0.252000 -0.000610 -0.058350 0.143400 -0.018900 -0.030460 0.205550 -0.248040 0.075230 -0.035420 -0.261430 -0.165690 -0.240680 -0.253070 -0.061400 -0.230140 0.085810 -0.045700 -0.037770; ...
 0.371210 0.491030 -0.782430 -0.786070 0.031360 -0.083190 -0.108940 0.335840 0.551550 0.197840 0.129990 -0.270500 -0.069990 -0.253070 0.232450 -0.025480 -0.053130 0.332790 -0.331160 -0.144880; ...
 0.104750 0.112830 -0.502850 -0.353120 0.280050 -0.271190 -0.113020 0.312990 0.027150 0.271350 0.196960 -0.288250 -0.107910 -0.061400 -0.025480 -0.209550 -0.323810 0.153690 0.365540 0.316140; ...
 -0.046790 0.275390 -0.365790 -0.291440 0.374720 -0.245510 -0.256240 0.286670 -0.132190 0.310110 0.300900 -0.285310 0.028440 -0.230140 -0.053130 -0.323810 -0.195460 0.147550 0.336140 0.365760; ...
 -0.271340 0.097780 0.446580 0.227640 -0.082260 0.231050 0.157870 -0.196340 0.237840 -0.106410 0.006370 0.474510 0.397610 0.085810 0.332790 0.153690 0.147550 -0.297330 0.121740 0.020590; ...
 0.200010 0.094010 0.503780 0.160710 -0.135880 0.243440 -0.172290 -0.159830 -0.245860 -0.168430 -0.099980 0.286020 -0.559080 -0.045700 -0.331160 0.365540 0.336140 0.121740 0.054620 -0.032800; ...
 0.128350 0.164640 0.464730 0.188830 -0.015260 0.106400 0.026910 -0.169640 -0.168960 -0.206090 -0.229240 0.126380 -0.416130 -0.037770 -0.144880 0.316140 0.365760 0.020590 -0.032800 -0.016690 ];

pair_old(2,:,:) = [ ...
 -0.022260 -0.044110 0.133130 0.152200 -0.149050 -0.056620 0.021430 -0.031930 0.146820 0.018650 -0.086340 0.029560 0.080000 0.088910 0.095170 0.003500 0.005260 -0.023540 -0.112610 -0.053140; ...
 -0.044110 -0.354210 0.166270 0.466410 -0.088720 -0.156180 -0.089470 0.082760 0.301830 0.033090 -0.031640 0.050610 -0.095900 0.060700 0.211920 -0.062030 -0.028850 -0.018490 -0.173250 0.002010; ...
 0.133130 0.166270 -0.213010 -0.054210 0.333800 -0.134540 -0.510820 0.640690 -0.837730 0.671070 0.345010 -0.367790 -0.107990 -0.221070 -0.757620 -0.174640 -0.043690 0.496240 -0.008910 -0.129810; ...
 0.152200 0.466410 -0.054210 -0.068020 0.295420 -0.014560 -0.385760 0.516960 -0.848990 0.475910 0.215350 -0.290500 -0.085120 -0.226370 -0.731070 -0.211430 -0.126500 0.416910 -0.097990 -0.038150; ...
 -0.149050 -0.088720 0.333800 0.295420 -0.199250 0.052650 0.094310 -0.092490 0.311580 -0.126900 -0.119970 0.270390 0.161210 0.116890 0.279970 0.098140 0.148060 -0.122690 -0.057150 -0.037040; ...
 -0.056620 -0.156180 -0.134540 -0.014560 0.052650 -0.140510 -0.170650 0.276350 -0.131110 0.332030 0.151930 -0.207220 -0.056920 -0.165060 -0.114930 -0.209710 -0.086350 0.142010 -0.094350 -0.009280; ...
 0.021430 -0.089470 -0.510820 -0.385760 0.094310 -0.170650 -0.550550 0.513690 0.150450 0.314030 0.047390 -0.220950 -0.053160 -0.130220 0.028410 -0.193780 -0.089040 0.341770 -0.027960 0.007390; ...
 -0.031930 0.082760 0.640690 0.516960 -0.092490 0.276350 0.513690 -0.385310 0.375020 -0.357080 -0.153590 0.490790 0.196670 0.314590 0.347740 0.351970 0.114280 -0.274820 0.134030 0.082370; ...
 0.146820 0.301830 -0.837730 -0.848990 0.311580 -0.131110 0.150450 0.375020 0.069080 0.425220 0.327820 -0.289080 -0.014200 -0.216440 0.057220 -0.131030 -0.129970 0.331100 0.143210 -0.031100; ...
 0.018650 0.033090 0.671070 0.475910 -0.126900 0.332030 0.314030 -0.357080 0.425220 -0.365930 -0.140990 0.499540 0.200020 0.322150 0.311160 0.342070 0.157230 -0.279410 0.135550 0.035940; ...
 -0.086340 -0.031640 0.345010 0.215350 -0.119970 0.151930 0.047390 -0.153590 0.327820 -0.140990 -0.165140 0.134470 0.081850 0.137520 0.237470 0.108160 0.104410 -0.073850 0.001040 -0.011170; ...
 0.029560 0.050610 -0.367790 -0.290500 0.270390 -0.207220 -0.220950 0.490790 -0.289080 0.499540 0.134470 -0.437200 -0.222350 -0.290030 -0.204770 -0.237630 -0.150470 0.401940 0.036930 0.058000; ...
 0.080000 -0.095900 -0.107990 -0.085120 0.161210 -0.056920 -0.053160 0.196670 -0.014200 0.200020 0.081850 -0.222350 -0.205380 -0.188000 -0.117520 -0.111990 -0.133770 0.151230 -0.135910 -0.106610; ...
 0.088910 0.060700 -0.221070 -0.226370 0.116890 -0.165060 -0.130220 0.314590 -0.216440 0.322150 0.137520 -0.290030 -0.188000 -0.253990 -0.108460 -0.193430 -0.160040 0.281200 -0.030320 -0.024190; ...
 0.095170 0.211920 -0.757620 -0.731070 0.279970 -0.114930 0.028410 0.347740 0.057220 0.311160 0.237470 -0.204770 -0.117520 -0.108460 0.075510 -0.188240 -0.058000 0.332490 0.040190 0.015510; ...
 0.003500 -0.062030 -0.174640 -0.211430 0.098140 -0.209710 -0.193780 0.351970 -0.131030 0.342070 0.108160 -0.237630 -0.111990 -0.193430 -0.188240 -0.189280 -0.077830 0.254680 -0.031510 -0.021620; ...
 0.005260 -0.028850 -0.043690 -0.126500 0.148060 -0.086350 -0.089040 0.114280 -0.129970 0.157230 0.104410 -0.150470 -0.133770 -0.160040 -0.058000 -0.077830 -0.082190 0.083080 0.037980 0.067920; ...
 -0.023540 -0.018490 0.496240 0.416910 -0.122690 0.142010 0.341770 -0.274820 0.331100 -0.279410 -0.073850 0.401940 0.151230 0.281200 0.332490 0.254680 0.083080 -0.259290 0.074990 0.041000; ...
 -0.112610 -0.173250 -0.008910 -0.097990 -0.057150 -0.094350 -0.027960 0.134030 0.143210 0.135550 0.001040 0.036930 -0.135910 -0.030320 0.040190 -0.031510 0.037980 0.074990 -0.051000 -0.008890; ...
 -0.053140 0.002010 -0.129810 -0.038150 -0.037040 -0.009280 0.007390 0.082370 -0.031100 0.035940 -0.011170 0.058000 -0.106610 -0.024190 0.015510 -0.021620 0.067920 0.041000 -0.008890 0.001580 ];

pair_old(3,:,:) = [ ...
 -0.067110 0.049170 0.086860 0.101100 0.025830 0.026050 0.064560 -0.100280 0.061670 -0.089880 -0.032200 0.092630 0.045660 0.071890 0.061540 0.053560 0.047400 -0.072790 0.087320 0.039040; ...
 0.049170 -0.171100 0.082740 0.128370 -0.055230 -0.068680 -0.051220 0.008540 0.104030 -0.007330 -0.106780 0.020320 0.019660 0.026980 0.103410 -0.008360 -0.043990 0.007720 -0.025720 -0.013890; ...
 0.086860 0.082740 -0.172100 -0.144420 0.145680 -0.017980 -0.122340 0.170480 -0.281300 0.148790 0.066300 -0.150170 -0.055720 -0.121960 -0.309460 0.000090 0.007580 0.147790 0.022630 -0.058510; ...
 0.101100 0.128370 -0.144420 -0.170050 0.118310 0.045710 -0.084730 0.143490 -0.322080 0.149170 0.071440 -0.092840 -0.106340 -0.106310 -0.289820 0.007020 -0.021330 0.118950 -0.049210 -0.081860; ...
 0.025830 -0.055230 0.145680 0.118310 -0.101400 0.070230 0.037010 -0.088830 0.140620 -0.118080 -0.113970 0.097360 0.123700 0.064100 0.152120 -0.012940 0.031080 -0.048550 -0.111080 -0.021730; ...
 0.026050 -0.068680 -0.017980 0.045710 0.070230 -0.080890 -0.007880 0.026720 0.002190 0.013800 -0.021770 -0.027920 -0.046980 -0.020510 -0.050250 0.008670 -0.007960 0.023400 0.104050 0.040000; ...
 0.064560 -0.051220 -0.122340 -0.084730 0.037010 -0.007880 -0.360060 0.167150 0.053960 0.122720 0.037680 -0.071180 -0.058510 -0.072350 -0.022350 -0.064470 -0.035120 0.070750 -0.118360 -0.033060; ...
 -0.100280 0.008540 0.170480 0.143490 -0.088830 0.026720 0.167150 -0.127460 0.169850 -0.086440 -0.006340 0.169540 0.129300 0.135630 0.191110 0.042140 0.004180 -0.136050 0.034300 0.021350; ...
 0.061670 0.104030 -0.281300 -0.322080 0.140620 0.002190 0.053960 0.169850 -0.195070 0.107640 0.150210 -0.175890 -0.126270 -0.161540 -0.033480 -0.037680 -0.015720 0.122230 0.147020 0.064470; ...
 -0.089880 -0.007330 0.148790 0.149170 -0.118080 0.013800 0.122720 -0.086440 0.107640 -0.060270 0.014060 0.128180 0.074670 0.129210 0.185130 0.012890 0.010680 -0.067010 -0.060070 0.006770; ...
 -0.032200 -0.106780 0.066300 0.071440 -0.113970 -0.021770 0.037680 -0.006340 0.150210 0.014060 -0.009590 0.114480 0.093560 0.019640 0.070680 -0.024110 -0.009490 -0.015080 -0.066440 -0.000960; ...
 0.092630 0.020320 -0.150170 -0.092840 0.097360 -0.027920 -0.071180 0.169540 -0.175890 0.128180 0.114480 -0.179670 -0.091110 -0.117940 -0.157730 -0.075090 -0.026490 0.108020 0.009870 -0.016610; ...
 0.045660 0.019660 -0.055720 -0.106340 0.123700 -0.046980 -0.058510 0.129300 -0.126270 0.074670 0.093560 -0.091110 -0.136480 -0.088580 -0.166150 -0.021110 0.024460 0.111690 0.010480 -0.055900; ...
 0.071890 0.026980 -0.121960 -0.106310 0.064100 -0.020510 -0.072350 0.135630 -0.161540 0.129210 0.019640 -0.117940 -0.088580 -0.096930 -0.134860 -0.054240 -0.018170 0.118130 -0.068670 -0.047130; ...
 0.061540 0.103410 -0.309460 -0.289820 0.152120 -0.050250 -0.022350 0.191110 -0.033480 0.185130 0.070680 -0.157730 -0.166150 -0.134860 -0.084740 -0.091780 -0.046500 0.172880 0.077350 0.022320; ...
 0.053560 -0.008360 0.000090 0.007020 -0.012940 0.008670 -0.064470 0.042140 -0.037680 0.012890 -0.024110 -0.075090 -0.021110 -0.054240 -0.091780 0.011700 -0.013900 0.037540 0.018890 0.001390; ...
 0.047400 -0.043990 0.007580 -0.021330 0.031080 -0.007960 -0.035120 0.004180 -0.015720 0.010680 -0.009490 -0.026490 0.024460 -0.018170 -0.046500 -0.013900 -0.016060 0.010240 0.016500 0.006330; ...
 -0.072790 0.007720 0.147790 0.118950 -0.048550 0.023400 0.070750 -0.136050 0.122230 -0.067010 -0.015080 0.108020 0.111690 0.118130 0.172880 0.037540 0.010240 -0.107560 0.015940 0.033190; ...
 0.087320 -0.025720 0.022630 -0.049210 -0.111080 0.104050 -0.118360 0.034300 0.147020 -0.060070 -0.066440 0.009870 0.010480 -0.068670 0.077350 0.018890 0.016500 0.015940 -0.075220 -0.090710; ...
 0.039040 -0.013890 -0.058510 -0.081860 -0.021730 0.040000 -0.033060 0.021350 0.064470 0.006770 -0.000960 -0.016610 -0.055900 -0.047130 0.022320 0.001390 0.006330 0.033190 -0.090710 -0.039250 ];

pair_old(4,:,:) = [ ...
 -0.014270 0.013820 0.033480 0.028970 -0.023170 0.033710 0.016520 -0.044170 0.022230 -0.028470 0.004640 0.038540 0.022630 0.020230 0.003190 0.002750 0.006400 -0.020050 0.010540 0.012090; ...
 0.013820 -0.037520 0.056710 0.032320 -0.062540 -0.024240 -0.065860 0.043230 0.088140 0.005560 0.003280 0.000850 -0.021980 0.026670 -0.021610 -0.016020 -0.013310 -0.015580 -0.098860 0.034350; ...
 0.033480 0.056710 -0.014880 -0.006970 0.022310 -0.021000 0.013510 0.008680 -0.056160 0.007460 0.024950 -0.015650 -0.088840 -0.004340 -0.046080 0.016740 -0.012760 0.034100 -0.032070 -0.008680; ...
 0.028970 0.032320 -0.006970 -0.080090 0.010090 0.033800 0.016150 0.030180 -0.092810 -0.028560 0.008470 -0.017930 -0.053300 -0.026550 -0.054320 0.047240 -0.002500 0.047750 -0.011590 0.001130; ...
 -0.023170 -0.062540 0.022310 0.010090 0.032210 0.002800 -0.001130 -0.024990 0.015230 -0.004210 0.007350 0.007090 0.058230 0.019410 0.007930 -0.002360 0.010790 -0.006260 -0.029700 0.001650; ...
 0.033710 -0.024240 -0.021000 0.033800 0.002800 -0.020230 -0.085430 0.000720 0.060720 0.037200 0.000330 -0.005280 -0.015070 -0.026580 0.009330 -0.025730 -0.016280 0.004200 -0.062400 -0.015050; ...
 0.016520 -0.065860 0.013510 0.016150 -0.001130 -0.085430 -0.116990 0.061190 0.074290 -0.001830 0.035150 -0.026160 0.023300 -0.001060 0.022890 0.002370 0.011880 0.016400 -0.056140 -0.015760; ...
 -0.044170 0.043230 0.008680 0.030180 -0.024990 0.000720 0.061190 -0.034380 0.000040 -0.010160 -0.043610 0.025170 0.079100 0.041620 0.061280 0.005880 -0.021530 -0.042320 0.090420 0.071980; ...
 0.022230 0.088140 -0.056160 -0.092810 0.015230 0.060720 0.074290 0.000040 -0.123430 -0.018610 0.035960 -0.046890 -0.067790 0.013060 -0.038420 0.054130 0.022930 0.019470 0.033460 0.001940; ...
 -0.028470 0.005560 0.007460 -0.028560 -0.004210 0.037200 -0.001830 -0.010160 -0.018610 -0.014090 0.015460 0.022760 0.046620 -0.005160 0.018660 -0.001360 0.005330 -0.007210 0.054140 0.032880; ...
 0.004640 0.003280 0.024950 0.008470 0.007350 0.000330 0.035150 -0.043610 0.035960 0.015460 -0.085610 -0.001450 0.021190 0.012840 0.043840 -0.026910 0.005680 0.034340 -0.018710 -0.012830; ...
 0.038540 0.000850 -0.015650 -0.017930 0.007090 -0.005280 -0.026160 0.025170 -0.046890 0.022760 -0.001450 -0.030110 -0.075120 -0.025050 -0.050110 -0.009880 0.005710 0.049890 -0.018200 -0.022620; ...
 0.022630 -0.021980 -0.088840 -0.053300 0.058230 -0.015070 0.023300 0.079100 -0.067790 0.046620 0.021190 -0.075120 -0.083180 -0.063240 -0.013420 0.004690 0.014340 0.061600 -0.019740 -0.047740; ...
 0.020230 0.026670 -0.004340 -0.026550 0.019410 -0.026580 -0.001060 0.041620 0.013060 -0.005160 0.012840 -0.025050 -0.063240 -0.066010 -0.022140 0.022460 0.016480 0.017710 0.001470 -0.033310; ...
 0.003190 -0.021610 -0.046080 -0.054320 0.007930 0.009330 0.022890 0.061280 -0.038420 0.018660 0.043840 -0.050110 -0.013420 -0.022140 -0.074010 -0.000750 0.035150 0.036220 -0.033690 -0.046630; ...
 0.002750 -0.016020 0.016740 0.047240 -0.002360 -0.025730 0.002370 0.005880 0.054130 -0.001360 -0.026910 -0.009880 0.004690 0.022460 -0.000750 -0.014420 0.006700 -0.000120 -0.031030 -0.030880; ...
 0.006400 -0.013310 -0.012760 -0.002500 0.010790 -0.016280 0.011880 -0.021530 0.022930 0.005330 0.005680 0.005710 0.014340 0.016480 0.035150 0.006700 -0.005610 -0.014480 0.083900 -0.027090; ...
 -0.020050 -0.015580 0.034100 0.047750 -0.006260 0.004200 0.016400 -0.042320 0.019470 -0.007210 0.034340 0.049890 0.061600 0.017710 0.036220 -0.000120 -0.014480 -0.066840 0.037850 0.033520; ...
 0.010540 -0.098860 -0.032070 -0.011590 -0.029700 -0.062400 -0.056140 0.090420 0.033460 0.054140 -0.018710 -0.018200 -0.019740 0.001470 -0.033690 -0.031030 0.083900 0.037850 -0.111490 -0.011960; ...
 0.012090 0.034350 -0.008680 0.001130 0.001650 -0.015050 -0.015760 0.071980 0.001940 0.032880 -0.012830 -0.022620 -0.047740 -0.033310 -0.046630 -0.030880 -0.027090 0.033520 -0.011960 -0.058340 ];

pair_old(5,:,:) = [ ...
 0.003470 -0.001800 -0.004140 -0.004060 0.002120 -0.001060 -0.003210 0.007460 -0.003680 0.004820 0.001770 -0.003910 -0.002580 -0.003430 -0.003350 -0.001670 -0.001160 0.005900 -0.001930 -0.001100; ...
 -0.001800 0.108380 -0.014890 -0.018320 0.014870 0.003620 0.004240 0.005080 -0.018730 0.006480 0.009170 -0.007970 -0.003020 -0.009910 -0.011950 -0.001040 0.000050 0.009330 0.012940 0.002600; ...
 -0.004140 -0.014890 0.007860 0.007270 -0.011380 0.002420 0.006850 -0.014510 0.016400 -0.012300 -0.007380 0.008250 0.005910 0.006440 0.016000 0.003050 0.001700 -0.013020 -0.003410 -0.001560; ...
 -0.004060 -0.018320 0.007270 0.009470 -0.010300 -0.000920 0.003520 -0.014070 0.017910 -0.010410 -0.006240 0.006810 0.005880 0.007280 0.015220 0.002270 0.002150 -0.012500 -0.001990 -0.002210; ...
 0.002120 0.014870 -0.011380 -0.010300 0.012720 -0.003780 -0.002220 0.013760 -0.010450 0.013040 0.009800 -0.008420 -0.008070 -0.007040 -0.009020 -0.002830 -0.004600 0.010120 0.009390 0.004030; ...
 -0.001060 0.003620 0.002420 -0.000920 -0.003780 0.005260 0.003940 -0.005670 0.000070 -0.006590 -0.001840 0.003400 0.002350 0.002420 0.001940 0.003150 0.002150 -0.003660 -0.000640 -0.001130; ...
 -0.003210 0.004240 0.006850 0.003520 -0.002220 0.003940 0.020240 -0.012330 -0.002890 -0.006810 -0.002570 0.003620 0.001670 0.002180 -0.000070 0.003290 0.002120 -0.006680 0.006170 0.001130; ...
 0.007460 0.005080 -0.014510 -0.014070 0.013760 -0.005670 -0.012330 0.026960 -0.013110 0.018960 0.009190 -0.013380 -0.011900 -0.011970 -0.014010 -0.007420 -0.002320 0.021640 -0.002330 -0.000350; ...
 -0.003680 -0.018730 0.016400 0.017910 -0.010450 0.000070 -0.002890 -0.013110 0.009940 -0.010010 -0.008530 0.008230 0.005790 0.007650 0.004160 0.001510 0.001270 -0.011610 -0.006230 -0.003550; ...
 0.004820 0.006480 -0.012300 -0.010410 0.013040 -0.006590 -0.006810 0.018960 -0.010010 0.017000 0.005080 -0.011130 -0.008320 -0.008700 -0.010490 -0.005670 -0.003800 0.014320 0.001520 0.002040; ...
 0.001770 0.009170 -0.007380 -0.006240 0.009800 -0.001840 -0.002570 0.009190 -0.008530 0.005080 0.008820 -0.005080 -0.004970 -0.003850 -0.006690 -0.001050 -0.002360 0.003300 0.004840 0.003870; ...
 -0.003910 -0.007970 0.008250 0.006810 -0.008420 0.003400 0.003620 -0.013380 0.008230 -0.011130 -0.005080 0.010020 0.006600 0.006890 0.007390 0.004640 0.002450 -0.011700 -0.002630 -0.001750; ...
 -0.002580 -0.003020 0.005910 0.005880 -0.008070 0.002350 0.001670 -0.011900 0.005790 -0.008320 -0.004970 0.006600 0.007130 0.006060 0.005490 0.001890 0.000500 -0.009720 0.002550 0.003760; ...
 -0.003430 -0.009910 0.006440 0.007280 -0.007040 0.002420 0.002180 -0.011970 0.007650 -0.008700 -0.003850 0.006890 0.006060 0.007450 0.006090 0.002640 0.001920 -0.009520 -0.000500 -0.000110; ...
 -0.003350 -0.011950 0.016000 0.015220 -0.009020 0.001940 -0.000070 -0.014010 0.004160 -0.010490 -0.006690 0.007390 0.005490 0.006090 0.004070 0.003640 0.000800 -0.012080 -0.001350 -0.000620; ...
 -0.001670 -0.001040 0.003050 0.002270 -0.002830 0.003150 0.003290 -0.007420 0.001510 -0.005670 -0.001050 0.004640 0.001890 0.002640 0.003640 0.002490 0.001880 -0.005220 -0.001120 -0.000710; ...
 -0.001160 0.000050 0.001700 0.002150 -0.004600 0.002150 0.002120 -0.002320 0.001270 -0.003800 -0.002360 0.002450 0.000500 0.001920 0.000800 0.001880 0.001850 -0.001760 -0.004730 -0.001550; ...
 0.005900 0.009330 -0.013020 -0.012500 0.010120 -0.003660 -0.006680 0.021640 -0.011610 0.014320 0.003300 -0.011700 -0.009720 -0.009520 -0.012080 -0.005220 -0.001760 0.020800 -0.000820 -0.000120; ...
 -0.001930 0.012940 -0.003410 -0.001990 0.009390 -0.000640 0.006170 -0.002330 -0.006230 0.001520 0.004840 -0.002630 0.002550 -0.000500 -0.001350 -0.001120 -0.004730 -0.000820 0.008440 0.005080; ...
 -0.001100 0.002600 -0.001560 -0.002210 0.004030 -0.001130 0.001130 -0.000350 -0.003550 0.002040 0.003870 -0.001750 0.003760 -0.000110 -0.000620 -0.000710 -0.001550 -0.000120 0.005080 0.004980 ];

pair_counts = zeros(20,20,30);
pair_counts(1,1,:) = [ 169 0 0 0 0 1 392 5415 6861 4740 17562 14799 13118 8845 18918 11860 14051 16307 18283 23711 21959 27421 23114 22306 23935 26763 27414 29142 30434 33262 ]; 
pair_counts(1,2,:) = [ 0 0 0 0 0 59 269 531 757 1020 1299 2679 1945 1297 1490 2495 2393 2338 2699 3199 3424 3505 3522 3353 3579 3713 3841 4005 4294 4584 ]; 
pair_counts(1,3,:) = [ 0 0 0 0 5 81 426 932 1353 1727 2865 8707 7125 3927 3760 6484 7755 6703 8144 10049 10937 11415 12024 12256 12887 13683 14516 15180 16400 17871 ]; 
pair_counts(1,4,:) = [ 0 0 0 1 41 181 413 795 1439 1818 2293 6027 13069 5898 4892 4490 8350 10471 8048 10342 13774 12688 13752 13493 13985 14881 15080 16092 17638 19192 ]; 
pair_counts(1,5,:) = [ 0 0 0 0 90 500 918 1142 1586 2237 3159 5945 9466 6997 5200 5605 7972 8870 8328 9872 11605 11968 12698 13180 13507 13058 12993 13805 14321 15256 ]; 
pair_counts(1,6,:) = [ 0 0 0 0 0 3 108 1776 6460 11880 3166 3726 7849 15032 10908 8299 9285 11019 13264 15680 15402 16364 19170 18542 18789 20446 22262 23446 24407 25722 ]; 
pair_counts(1,7,:) = [ 0 0 0 1 24 163 308 435 652 795 1377 3066 3704 2830 2111 2691 4210 4017 3889 4666 5677 5694 6058 6152 6338 6555 6542 6964 7355 8042 ]; 
pair_counts(1,8,:) = [ 0 0 0 0 0 23 268 1504 3976 6369 7108 13828 9544 6279 5316 9033 11905 11475 13164 16393 18504 17797 17970 17444 17800 18091 18153 19058 20325 21539 ]; 
pair_counts(1,9,:) = [ 0 0 1 3 48 139 257 492 788 1212 1571 3516 6419 8655 5032 4464 4727 8924 7565 7576 9993 10659 10811 11085 11070 11258 11489 12083 12817 13923 ]; 
pair_counts(1,10,:) = [ 0 0 0 1 9 209 889 2706 5615 9686 11001 14319 25157 14520 9512 11147 18413 25425 21835 25621 32347 30252 30517 31132 30568 30920 31112 31829 33760 35625 ]; 
pair_counts(1,11,:) = [ 0 0 0 0 20 127 313 577 1088 1486 1792 2433 5674 3628 2828 2456 3431 5663 4626 5183 6619 6830 6711 6651 6666 6960 7072 7116 7491 8020 ]; 
pair_counts(1,12,:) = [ 0 0 0 0 5 53 288 572 883 1421 2722 5874 5285 3172 3113 4645 6143 5242 5973 7366 7787 8320 9257 8984 9096 9569 10082 10733 11645 12662 ]; 
pair_counts(1,13,:) = [ 0 0 0 0 1 4 118 1861 5002 3492 2585 2153 3683 4554 5508 5500 5765 6693 7563 8672 9845 9648 9975 10560 11162 11804 12628 13275 14094 14891 ]; 
pair_counts(1,14,:) = [ 0 0 0 5 22 118 291 538 955 1211 1532 3513 8442 3949 3382 2971 4942 7100 5107 6211 8573 7754 8339 8265 8675 8857 9014 9385 10105 10933 ]; 
pair_counts(1,15,:) = [ 0 0 1 19 82 181 361 618 1047 1464 2192 4550 6665 6347 7882 6311 5470 7697 11236 9261 10986 12511 12301 12534 12721 12837 13297 13744 14387 16189 ]; 
pair_counts(1,16,:) = [ 0 0 0 0 1 24 607 1618 2062 2807 5124 10535 6075 4562 8198 6664 7429 8476 9680 11682 12898 13763 13312 13389 13942 15024 15672 17048 18272 20178 ]; 
pair_counts(1,17,:) = [ 0 0 0 0 0 3 243 1170 2123 3201 5292 9197 6722 4203 6072 7970 7169 8072 9563 11458 12064 13431 13376 13187 13652 13979 15117 16132 17130 18600 ]; 
pair_counts(1,18,:) = [ 0 0 0 0 0 6 275 2208 5833 8567 7771 13804 12921 7586 7981 13527 13650 14184 17098 19089 22273 21722 22807 21816 21589 22184 23254 24528 25737 26891 ]; 
pair_counts(1,19,:) = [ 0 0 0 3 58 175 281 397 481 604 808 1286 2529 2917 2275 2062 2260 3448 2974 2958 3704 4042 4229 4371 4554 4636 4560 4842 4878 5181 ]; 
pair_counts(1,20,:) = [ 0 0 0 8 150 522 698 976 1292 1684 2337 4208 7098 4971 4592 4463 6038 7750 7023 7726 9322 9373 9938 10212 10440 10606 10549 11103 11459 12081 ]; 
pair_counts(2,1,:) = [ 0 0 0 0 0 30 235 585 741 834 885 1227 2643 1938 1616 1990 2828 2468 2706 2903 3194 3576 3684 3702 3592 3726 3896 4101 4183 4487 ]; 
pair_counts(2,2,:) = [ 63 0 0 74 636 1179 978 697 612 619 706 753 727 679 709 682 724 932 816 891 919 1071 937 1019 970 1017 1024 1032 1107 1087 ]; 
pair_counts(2,3,:) = [ 0 0 1 2 11 38 75 143 235 287 339 431 692 1294 1218 878 1076 1594 1591 1645 1750 2051 1999 2144 2150 2269 2315 2556 2609 2825 ]; 
pair_counts(2,4,:) = [ 0 0 1 2 12 35 85 142 257 306 322 414 622 818 1255 1262 1214 1174 1936 1823 1916 2016 2236 2380 2369 2497 2516 2580 2836 3053 ]; 
pair_counts(2,5,:) = [ 0 0 1 9 56 126 185 256 339 481 545 758 1105 1436 1378 1569 1312 1523 1782 1821 2009 2120 2242 2314 2421 2449 2440 2391 2606 2610 ]; 
pair_counts(2,6,:) = [ 0 0 0 0 0 21 144 275 465 598 1875 1960 982 1259 2011 2370 1969 1942 2213 2403 2644 2655 2711 3035 3237 3252 3525 3673 3744 3963 ]; 
pair_counts(2,7,:) = [ 0 0 0 2 11 47 64 107 160 243 304 385 576 675 704 722 636 785 949 892 944 1089 1119 1212 1231 1199 1243 1289 1345 1330 ]; 
pair_counts(2,8,:) = [ 0 0 0 0 2 22 108 351 702 975 1004 1183 1476 1818 1715 1472 1621 2251 2304 2439 2856 3130 3239 3250 3186 3274 3223 3380 3413 3548 ]; 
pair_counts(2,9,:) = [ 0 0 0 2 15 21 68 91 195 229 299 354 592 639 1032 1002 1219 1057 1236 1832 1590 1684 1935 1978 2117 2196 2200 2278 2339 2370 ]; 
pair_counts(2,10,:) = [ 0 0 0 3 24 80 247 540 1018 1414 1710 1692 2100 3189 2507 2803 2484 3084 4143 4253 4390 5051 5109 5121 5232 5167 5139 5413 5599 5444 ]; 
pair_counts(2,11,:) = [ 0 0 0 1 16 38 85 167 218 308 370 364 471 575 687 671 722 730 911 1064 1061 1106 1220 1195 1195 1226 1276 1219 1255 1347 ]; 
pair_counts(2,12,:) = [ 0 0 0 0 5 25 62 108 194 267 317 457 733 1000 1071 808 879 1315 1386 1309 1419 1649 1608 1744 1719 1784 1880 1923 1998 2115 ]; 
pair_counts(2,13,:) = [ 0 0 0 0 0 4 53 161 477 812 1012 833 608 696 884 1057 1311 1268 1373 1477 1604 1659 1838 1802 1879 1959 2062 2206 2396 2522 ]; 
pair_counts(2,14,:) = [ 0 0 0 2 10 21 63 131 198 198 260 283 410 644 892 890 822 823 1231 1266 1260 1362 1508 1590 1540 1582 1635 1633 1738 1828 ]; 
pair_counts(2,15,:) = [ 0 0 3 7 21 38 72 147 220 285 318 461 624 661 700 1190 1199 1345 1207 1800 1830 1829 1972 2105 2170 2226 2268 2394 2436 2583 ]; 
pair_counts(2,16,:) = [ 0 0 0 0 6 50 145 292 390 462 581 775 1481 1798 1283 1402 1858 1831 1958 2018 2397 2434 2577 2698 2646 2728 2847 2935 3243 3306 ]; 
pair_counts(2,17,:) = [ 0 0 0 0 1 16 87 255 342 476 534 622 1171 1544 1179 1136 1604 1678 1666 1849 2097 2234 2322 2434 2414 2422 2544 2701 2765 2986 ]; 
pair_counts(2,18,:) = [ 0 0 0 0 2 20 137 473 832 1128 1117 1196 1538 2336 2294 1798 2321 2603 2684 2917 3272 3578 3668 3689 3596 3653 3838 3906 4079 4165 ]; 
pair_counts(2,19,:) = [ 0 0 0 4 18 30 58 84 101 179 172 214 282 386 483 538 519 519 601 672 650 709 732 805 789 823 833 873 838 948 ]; 
pair_counts(2,20,:) = [ 0 0 1 17 47 92 147 216 278 340 442 517 756 976 1121 1222 1171 1177 1440 1548 1526 1643 1783 1905 1943 1968 2010 1982 1997 2081 ]; 
pair_counts(3,1,:) = [ 0 0 0 0 4 82 360 874 1694 1778 2280 4579 10496 7867 5315 4906 9257 6598 7700 9868 10767 12765 12578 13114 12503 13545 15045 15752 16527 17994 ]; 
pair_counts(3,2,:) = [ 0 0 0 0 2 19 79 152 226 283 339 562 821 1308 1098 933 1072 1716 1574 1670 1826 2122 2085 2112 2122 2275 2372 2451 2544 2780 ]; 
pair_counts(3,3,:) = [ 167 0 0 1 13 82 212 382 713 935 1328 2340 4619 6138 3996 3487 3434 4861 5366 5820 6307 6991 6901 7328 7757 8542 8742 9191 9678 10560 ]; 
pair_counts(3,4,:) = [ 0 0 1 4 30 75 156 455 730 793 1115 2055 4422 5471 6901 4323 4390 4122 5977 6820 7183 7491 7875 7905 8265 8974 9453 9783 10295 11284 ]; 
pair_counts(3,5,:) = [ 0 0 1 10 61 116 193 295 539 679 854 1478 2546 3927 4049 3806 3749 3617 5687 5981 6224 6960 7715 8021 8460 8731 8939 9040 9242 9896 ]; 
pair_counts(3,6,:) = [ 0 0 0 0 0 50 270 663 978 1755 4974 9464 3129 4611 5250 6968 5489 5433 6467 7241 8409 8974 9261 10755 10817 10990 11664 12945 13510 14234 ]; 
pair_counts(3,7,:) = [ 0 0 0 2 21 80 165 279 526 644 800 1360 2130 2777 2184 2011 1817 2027 2625 2703 2922 3109 3418 3429 3565 3859 4015 4129 4147 4451 ]; 
pair_counts(3,8,:) = [ 0 0 1 0 7 36 182 506 968 1263 1488 2183 3526 5679 4821 4738 4080 7119 7690 7882 8868 10215 11304 12042 11930 11743 12359 12845 13220 13961 ]; 
pair_counts(3,9,:) = [ 0 0 5 23 78 195 412 776 1435 1929 2377 3215 5264 5796 6027 5336 4734 4559 4567 5984 6179 6349 6724 6980 7065 7364 7719 8011 8347 8957 ]; 
pair_counts(3,10,:) = [ 0 0 0 5 25 98 310 756 1581 2085 2318 2425 4451 9178 7408 8000 7474 7731 12456 15687 14144 16296 18615 17896 19297 19329 19763 19836 20804 21874 ]; 
pair_counts(3,11,:) = [ 0 0 0 6 14 62 88 177 325 414 503 593 1150 1543 2337 1852 1983 1794 2383 3557 3099 3345 4009 4002 4234 4100 4360 4473 4655 4973 ]; 
pair_counts(3,12,:) = [ 0 0 0 0 16 85 228 430 844 1244 1634 2870 4546 4920 3351 2778 2681 3429 4030 4322 5031 5384 5439 5629 5899 6152 6389 6627 7140 7719 ]; 
pair_counts(3,13,:) = [ 0 0 0 0 1 25 124 360 1016 1841 3857 2954 1542 2060 3095 3822 3984 4225 4483 4780 5267 5764 6295 6267 6415 6776 7040 7833 8284 8595 ]; 
pair_counts(3,14,:) = [ 0 0 0 5 20 62 119 311 530 756 979 1482 2999 3413 3822 2791 2847 2541 3526 4331 4201 4645 4752 4960 4906 5198 5430 5812 6051 6409 ]; 
pair_counts(3,15,:) = [ 0 1 6 23 84 204 424 863 1375 1831 2393 3471 5494 5606 4617 5895 4884 5219 5002 5857 6616 6494 6743 7175 7174 7462 7836 7990 8412 8902 ]; 
pair_counts(3,16,:) = [ 0 0 0 1 18 122 442 938 1789 2225 3448 4712 4545 5678 4305 3258 4381 4572 5494 6284 6944 7684 7811 7886 8183 8820 9448 9874 10722 11481 ]; 
pair_counts(3,17,:) = [ 0 0 0 0 4 84 279 734 1508 2089 2582 4094 4837 4915 4191 3083 4037 4696 5133 5917 6683 7375 7634 7677 8092 8253 8809 9448 9912 10837 ]; 
pair_counts(3,18,:) = [ 0 0 0 0 2 44 229 632 1228 1634 1754 2524 4162 6987 6646 4883 5609 9032 8261 9008 10338 11499 13049 13467 13849 13456 14125 14879 15408 16589 ]; 
pair_counts(3,19,:) = [ 0 0 0 5 21 46 70 89 200 250 343 498 821 1224 1799 1536 1713 1575 1675 2248 2100 2284 2562 2735 2850 3041 3092 3156 3276 3283 ]; 
pair_counts(3,20,:) = [ 0 0 0 13 47 92 161 307 475 597 922 1454 2768 3459 4122 3898 3961 3428 4455 5426 5328 5773 6220 6553 6996 7097 7413 7321 7394 7893 ]; 
pair_counts(4,1,:) = [ 0 0 0 1 30 166 350 681 1043 1396 1459 1752 3202 15056 10392 5918 5008 11223 9899 8408 9627 11284 16090 14383 15407 14097 14951 16680 17127 17814 ]; 
pair_counts(4,2,:) = [ 0 0 0 2 7 36 96 140 194 252 272 368 537 1048 1398 1164 1004 1134 1797 2038 1743 2015 2351 2432 2544 2536 2621 2691 2738 2919 ]; 
pair_counts(4,3,:) = [ 0 0 0 4 18 68 152 310 425 611 813 1262 2566 4922 6942 4000 3442 3845 5151 6804 6227 6936 7739 8154 8475 8885 9233 9805 9842 10623 ]; 
pair_counts(4,4,:) = [ 134 1 6 13 30 96 163 297 426 646 883 1500 3465 6440 6958 9049 4860 5025 5374 6995 10670 9233 9032 10547 10481 11206 11480 11640 11750 12118 ]; 
pair_counts(4,5,:) = [ 0 0 4 26 82 133 239 370 478 682 945 1161 1976 3232 4657 3702 4238 3704 4183 5942 8047 7158 7882 8991 9463 9758 10064 9915 9990 10112 ]; 
pair_counts(4,6,:) = [ 0 0 0 0 6 89 254 480 731 1106 1497 4603 7996 3165 4115 6698 8081 8674 5828 6479 7434 8983 9884 10110 12133 12780 11910 12489 13639 14268 ]; 
