PAIR  1454 W  1471 W   A   a u  C4   C2  RT -0.991429 -0.130613 -0.00293361 -0.130501 0.989014 0.0694298 -0.00616709 0.0692176 -0.997583 5.74637 1.0842 0.0374022  
PAIR  1052 W  1224 W   A   a u  C4   C2  RT -0.95825 -0.205683 0.198623 -0.23522 0.962007 -0.138611 -0.162567 -0.179544 -0.970225 5.7108 1.00773 -0.176815  
PAIR   608 W  2021 W   A   u a  C2   C4  RT -0.966941 -0.0721048 0.244594 -0.125001 0.970067 -0.208192 -0.222261 -0.231884 -0.947011 5.77701 -0.258022 1.44972  
PAIR  1121 W  1145 W   A   a u  C4   C2  RT -0.990738 -0.121185 0.0612611 -0.134901 0.929916 -0.342139 -0.0155057 -0.347234 -0.93765 5.96835 1.15379 0.339828  
PAIR  1101 W  1182 W   A   u a  C2   C4  RT -0.996165 -0.0727128 -0.0486705 -0.0684945 0.994164 -0.0833488 0.054447 -0.0796955 -0.995331 5.88872 -0.506562 -0.468308  
PAIR  2466 W  2482 W   A   a u  C4   C2  RT -0.982965 -0.174483 0.0577502 -0.173337 0.984562 0.0243203 -0.0611021 0.0138958 -0.998035 5.85267 0.928827 0.0705546  
PAIR   761 W   876 W   A   a u  C4   C2  RT -0.98838 0.0174505 0.151 -0.0621556 0.860147 -0.506246 -0.138717 -0.509748 -0.849067 5.93456 0.609339 0.21361  
PAIR  1479 W  1626 W   A   u a  C2   C4  RT -0.99026 -0.0973012 -0.0995873 -0.0861522 0.990111 -0.110716 0.109375 -0.101058 -0.98885 5.801 -0.771109 -0.634245  
PAIR  1267 W  1307 W   A   a u  C4   C2  RT -0.998115 -0.0421942 -0.0445655 -0.0283541 0.961058 -0.274887 0.0544287 -0.273105 -0.960443 5.98199 0.840724 -0.380134  
PAIR  2277 W  2298 W   A   u a  C2   C4  RT -0.998728 -0.0464759 -0.0195577 -0.0376017 0.944888 -0.325227 0.033595 -0.324078 -0.945434 5.98041 -0.56007 -0.4078  
PAIR   562 W   573 W   A   a u  C4   C2  RT -0.99951 -0.0270236 -0.015779 -0.0245137 0.989568 -0.141963 0.0194508 -0.141507 -0.989746 5.77508 0.940162 0.069329  
PAIR  2062 W  2312 W   A   u a  C2   C4  RT -0.999063 -0.0351164 0.0252802 -0.039942 0.973143 -0.226711 -0.0166399 -0.227508 -0.973634 5.9716 -0.469257 0.194453  
PAIR  1510 W  1594 W   A   a u  C4   C2  RT -0.992017 -0.0331801 -0.121664 -0.0173518 0.991503 -0.128919 0.124908 -0.125779 -0.984163 5.94699 0.690186 -0.557966  
PAIR  2517 W  2648 W   A   a u  C4   C2  RT -0.988917 -0.0232133 0.146641 -0.0419271 0.991163 -0.125846 -0.142424 -0.1306 -0.981152 5.81481 0.799454 -0.0873631  
PAIR  2076 W  2111 W   A   u a  C2   C4  RT -0.996109 -0.0517441 -0.07134 -0.0402737 0.987287 -0.153761 0.0783893 -0.150289 -0.985529 5.88371 -0.401155 -0.288669  
PAIR   556 W   580 W   A   u a  C2   C4  RT -0.970555 -0.066623 -0.231482 -0.0182287 0.978549 -0.205207 0.240188 -0.194945 -0.95095 5.76696 -0.51654 -1.3187  
PAIR   121 W   135 W   A   a u  C4   C2  RT -0.99467 -0.0481349 -0.0911816 -0.0150637 0.942692 -0.333323 0.102001 -0.330173 -0.938393 5.99076 0.652159 -0.335122  
PAIR  2074 W  2113 W   A   u a  C2   C4  RT -0.989303 -0.13519 -0.0547936 -0.122306 0.973446 -0.193503 0.0794983 -0.184732 -0.979568 5.79582 0.068302 -0.828101  
PAIR  1792 W  1802 W   A   u a  C2   C4  RT -0.970503 0.000570487 0.241089 -0.0309748 0.991414 -0.127035 -0.239092 -0.130756 -0.962153 5.90953 -0.558492 0.836613  
PAIR  1511 W  1593 W   A   c g  C2   C4  RT -0.90872 -0.267098 -0.32076 -0.112206 0.896487 -0.428627 0.402043 -0.35351 -0.844625 5.50018 -0.101609 -2.17277  
PAIR  1327 W  2004 W   A   a u  C4   C2  RT -0.999716 -0.00183385 -0.023759 0.0049457 0.959357 -0.28215 0.0233108 -0.282188 -0.959076 5.84187 0.588894 -0.403728  
PAIR   895 W  1258 W   A   a u  C4   C2  RT -0.999311 -0.0360439 -0.00890518 -0.0364592 0.997982 0.0519793 0.00701367 0.0522682 -0.998608 5.92444 0.54972 -0.0147012  
PAIR  1746 W  1764 W   A   c g  C2   C4  RT -0.996472 -0.0819541 -0.0180694 -0.0723326 0.947894 -0.310266 0.0425555 -0.307865 -0.950478 6.12586 -0.471305 -0.846022  
PAIR  1074 W  1209 W   A   a u  C4   C2  RT -0.98095 -0.0630087 0.18376 -0.110651 0.958717 -0.26195 -0.159668 -0.277293 -0.947425 5.9137 0.48055 0.18136  
PAIR  1104 W  1179 W   A   a u  C4   C2  RT -0.999496 -0.00466375 0.0314048 -0.0100161 0.984958 -0.172503 -0.0301279 -0.172731 -0.984508 5.94452 0.672224 -0.476118  
PAIR  1720 W  1742 W   A   u a  C2   C4  RT -0.996454 -0.0189664 -0.0819718 0.000250353 0.973589 -0.22831 0.0841371 -0.227521 -0.970132 5.81623 -0.478617 -0.635124  
PAIR  1389 W  1397 W   A   u a  C2   C4  RT -0.996099 -0.0225294 -0.0853136 0.0154239 0.907514 -0.419739 0.0868797 -0.419418 -0.903626 5.92253 -0.616281 -0.683574  
PAIR  1234 W  1242 W   A   a u  C4   C2  RT -0.990929 -0.00285997 0.134355 -0.0247107 0.986604 -0.161251 -0.132094 -0.163108 -0.977725 5.94165 0.463772 -0.253759  
PAIR  2054 W  2321 W   A   u a  C2   C4  RT -0.989774 -0.0469474 -0.1347 0.040479 0.813035 -0.580806 0.136783 -0.580319 -0.80282 5.93332 -0.760705 -0.777268  
PAIR   157 W   208 W   A   c g  C2   C4  RT -0.978198 -0.0256608 0.206085 -0.0826208 0.958512 -0.272816 -0.190534 -0.283895 -0.939734 5.96259 -0.536654 -0.154919  
PAIR  1700 W  1985 W   A   u a  C2   C4  RT -0.928999 0.00364532 -0.370064 -0.066651 0.981953 0.176992 0.364031 0.18909 -0.91199 5.65569 -0.140685 -1.52253  
PAIR  2204 W  2266 W   A   a u  C4   C2  RT -0.975658 0.0266046 0.217677 0.00211081 0.993707 -0.111991 -0.219287 -0.108805 -0.969575 5.93919 0.569579 0.582228  
PAIR  1706 W  1981 W   A   a u  C4   C2  RT -0.941032 -0.02147 0.337635 0.0673925 0.966088 0.249265 -0.331537 0.25732 -0.907673 5.93738 0.40471 0.58242  
PAIR    26 W   436 W   A   u a  C2   C4  RT -0.99407 -0.00856379 -0.108403 0.0210159 0.962969 -0.268792 0.106691 -0.269476 -0.957079 5.96284 -0.581514 -0.716482  
PAIR  1696 W  1989 W   A   a u  C4   C2  RT -0.999822 -0.00444029 -0.0183182 0.000834761 0.960471 -0.278378 0.0188302 -0.278344 -0.960297 6.02216 0.509722 -0.617647  
PAIR  1543 W  1570 W   A   c g  C2   C4  RT -0.989373 -0.0321599 -0.141797 -0.0263913 0.998753 -0.0423768 0.142983 -0.0381843 -0.988988 6.27826 -0.542113 -0.827609  
PAIR  1695 W  1990 W   A   a u  C4   C2  RT -0.995424 0.0122078 0.0947687 -0.0212586 0.938652 -0.344209 -0.0931569 -0.344648 -0.934098 5.96123 0.369509 -0.520811  
PAIR  2224 W  2248 W   A   a u  C4   C2  RT -0.999648 0.0148505 -0.0219712 0.0186455 0.982731 -0.184096 0.0188578 -0.184441 -0.982663 6.06418 0.447206 -0.184481  
PAIR  1343 W  1359 W   A   u a  C2   C4  RT -0.998491 0.0141848 0.0530593 -0.00270906 0.952177 -0.305534 -0.0548558 -0.305217 -0.950702 5.98485 -0.519184 -0.1052  
PAIR    66 W    93 W   A   u a  C2   C4  RT -0.993771 -0.00609844 -0.111273 0.0119919 0.986851 -0.161185 0.110793 -0.161515 -0.980631 6.0223 -0.87251 -0.621773  
PAIR   531 W   603 W   A   a u  C4   C2  RT -0.999327 -0.000553039 -0.036681 0.00368395 0.993319 -0.115341 0.0364998 -0.115398 -0.992648 5.91749 1.07305 -0.212895  
PAIR   644 W   738 W   A   u a  C2   C4  RT -0.996787 -0.00190827 -0.0800792 0.0214606 0.956807 -0.289931 0.0771736 -0.290718 -0.953691 6.02907 -0.983284 -0.334975  
PAIR  2206 W  2264 W   A   a u  C4   C2  RT -0.99911 0.0230711 -0.0353117 0.0290739 0.983193 -0.180242 0.0305598 -0.181108 -0.982988 5.91093 0.448042 -0.419186  
PAIR   643 W   739 W   A   a u  C4   C2  RT -0.998944 0.019696 0.0415053 0.0116027 0.982311 -0.186896 -0.0444522 -0.186217 -0.981503 5.99811 0.665878 0.0214756  
PAIR  1281 W  1296 W   A   a u  C4   C2  RT -0.999729 0.017416 -0.0154448 0.0200759 0.980917 -0.193387 0.0117821 -0.193644 -0.981001 6.02859 0.723632 -0.113986  
PAIR  1730 W  1844 W   A   u a  C2   C4  RT -0.953225 0.0199097 0.301606 -0.0251227 0.989157 -0.144697 -0.301217 -0.145506 -0.942389 5.97645 -0.649418 0.537556  
PAIR   205 W   213 W   A   a u  C4   C2  RT -0.999653 -0.0224523 0.013781 -0.0218207 0.998776 0.0443881 -0.0147607 0.0440719 -0.998919 5.94215 0.421444 -0.561006  
PAIR   953 W   963 W   A   a u  C4   C2  RT -0.985189 -0.0444411 -0.165613 0.00553809 0.95708 -0.28977 0.171383 -0.286395 -0.942659 5.78996 0.300756 -1.08779  
PAIR  2713 W  2724 W   A   c g  C2   C4  RT -0.994805 -0.0315594 0.0967856 -0.0422993 0.992919 -0.111004 -0.092597 -0.114522 -0.989096 6.34696 -0.449942 0.334582  
PAIR    30 W   432 W   A   g c  C4   C2  RT -0.973902 0.0311672 0.224818 -0.0563125 0.926374 -0.37237 -0.219871 -0.375312 -0.900443 6.08959 0.394578 -0.369797  
PAIR   108 W   114 W   A   a u  C4   C2  RT -0.984248 -0.0221844 -0.175395 0.0135189 0.979747 -0.199783 0.176275 -0.199007 -0.964014 5.89978 0.359654 -0.672043  
PAIR   904 W   915 W   A   a u  C4   C2  RT -0.994904 -0.00218953 0.100807 -0.0334807 0.950213 -0.309797 -0.0951094 -0.311593 -0.945444 5.95986 0.325522 -0.210458  
PAIR  1477 W  1628 W   A   u a  C2   C4  RT -0.997516 0.0127411 -0.0692824 0.0309701 0.96268 -0.268864 0.0632712 -0.270342 -0.960683 5.93254 -0.710872 -0.563092  
PAIR  1781 W  1974 W   A   a u  C4   C2  RT -0.989306 0.0341537 0.141798 0.0404925 0.998294 0.0420606 -0.14012 0.0473525 -0.989002 5.91956 0.534943 0.00486766  
PAIR  1856 W  1901 W   A   u a  C2   C4  RT -0.990119 0.0121634 -0.139701 0.0536971 0.953185 -0.297582 0.129542 -0.302143 -0.94442 5.80573 -0.590248 -0.650265  
PAIR  2712 W  2725 W   A   u a  C2   C4  RT -0.976085 0.00634626 -0.217297 0.0408988 0.987085 -0.154886 0.213508 -0.160069 -0.963739 5.89087 -0.671521 -1.20232  
PAIR   789 W   800 W   A   u a  C2   C4  RT -0.999026 0.0391594 -0.0203383 0.0429029 0.969773 -0.240206 0.0103172 -0.240845 -0.970509 5.98264 -0.760862 0.0353933  
PAIR   313 W   330 W   A   g c  C4   C2  RT -0.996642 -0.0156593 -0.0803759 -0.00390357 0.989515 -0.14438 0.0817941 -0.143581 -0.986253 6.23067 0.713955 -0.614023  
PAIR   825 W   834 W   A   u a  C2   C4  RT -0.999216 0.0157086 0.0363378 0.0139006 0.998678 -0.0494833 -0.0370671 -0.0489394 -0.998114 6.05772 -0.767434 -0.266659  
PAIR   956 W   960 W   A   g c  C4   C2  RT -0.935769 -0.0861879 0.341917 -0.128135 0.986496 -0.102016 -0.328507 -0.139275 -0.934176 6.18215 0.515316 -0.116641  
PAIR  1859 W  1896 W   A   a u  C4   C2  RT -0.99967 0.0226433 0.0121193 0.0188951 0.968041 -0.25008 -0.0173946 -0.249769 -0.968149 6.07107 0.405771 -0.500755  
PAIR   771 W   851 W   A   c g  C2   C4  RT -0.981752 -0.0389785 -0.186128 0.0363599 0.922235 -0.384916 0.186657 -0.38466 -0.903989 5.88014 -0.735626 -1.34971  
PAIR   237 W   254 W   A   a u  C4   C2  RT -0.972526 0.0180636 0.232094 0.0484938 0.990833 0.126085 -0.227689 0.133876 -0.964487 5.99665 0.623247 0.607251  
PAIR   612 W   621 W   A   u a  C2   C4  RT -0.999386 0.0245228 -0.0250446 0.0316437 0.938532 -0.343739 0.0150757 -0.34432 -0.938731 6.04847 -0.811732 -0.162178  
PAIR   896 W  1257 W   A   a u  C4   C2  RT -0.996894 0.0279723 0.0736177 0.0231443 0.997575 -0.0656373 -0.0752752 -0.0637296 -0.995124 5.99515 0.427607 -0.464821  
PAIR  1266 W  1308 W   A   u a  C2   C4  RT -0.997111 0.0142305 -0.0746143 0.0250696 0.988906 -0.146414 0.071703 -0.147861 -0.986405 6.15012 -0.749717 -0.29951  
PAIR  2278 W  2297 W   A   u a  C2   C4  RT -0.988693 0.00791773 -0.149746 0.0241057 0.99401 -0.106599 0.148005 -0.109004 -0.982961 5.92312 -1.10706 -0.623021  
PAIR   276 W   354 W   A   c g  C2   C4  RT -0.986075 -0.0186447 -0.165255 0.00662127 0.988506 -0.151036 0.166171 -0.150027 -0.974617 6.14027 -0.834817 -0.723113  
PAIR   266 W   361 W   A   u a  C2   C4  RT -0.990867 0.00894553 -0.134543 0.0167355 0.998241 -0.0568801 0.133798 -0.0586123 -0.989274 6.16552 -1.0113 -0.352986  
PAIR   122 W   134 W   A   u a  C2   C4  RT -0.999732 0.0224975 -0.0053826 0.0231318 0.970588 -0.239633 -0.000166847 -0.239693 -0.970849 5.92044 -0.856338 -0.278215  
PAIR    34 W   137 W   A   u a  C2   C4  RT -0.995024 0.0428158 -0.0899665 0.04012 0.998696 0.0315635 0.0912006 0.027797 -0.995445 5.85262 -0.767104 -0.930727  
PAIR  2008 W  2022 W   A   c g  C2   C4  RT -0.882272 -0.125508 -0.453699 0.110942 0.881215 -0.459513 0.457479 -0.45575 -0.763548 5.46466 -0.60005 -2.38133  
PAIR    67 W    92 W   A   g c  C4   C2  RT -0.99823 0.0152082 0.057492 0.0103582 0.996434 -0.0837362 -0.0585604 -0.0829925 -0.994828 6.17531 0.499402 0.142759  
PAIR  1508 W  1596 W   A   u a  C2   C4  RT -0.961198 -0.0284859 -0.274384 0.057123 0.952542 -0.298999 0.26988 -0.303071 -0.913955 5.77465 -1.07287 -1.40229  
PAIR   297 W   328 W   A   u a  C2   C4  RT -0.940459 -0.0268293 0.338847 0.0811578 0.950324 0.300496 -0.330077 0.310104 -0.891563 5.77222 -0.920637 1.59834  
PAIR  2668 W  2752 W   A   g c  C4   C2  RT -0.999939 -0.0103194 0.00396752 -0.0105837 0.997227 -0.0736576 -0.00319642 -0.0736951 -0.997276 6.2166 0.526813 0.040457  
PAIR  1551 W  1561 W   A   g c  C4   C2  RT -0.998981 -0.0295758 0.0340915 -0.0321881 0.99637 -0.0788142 -0.0316368 -0.0798312 -0.996306 6.1605 0.955735 0.0928779  
PAIR  1384 W  1400 W   A   a u  C4   C2  RT -0.997357 0.033934 0.0642457 0.0100442 0.940139 -0.340644 -0.0719593 -0.339099 -0.937995 6.16649 0.442422 -0.453443  
PAIR  2401 W  2416 W   A   c g  C2   C4  RT -0.978947 0.0127318 -0.203718 0.0400193 0.990654 -0.130395 0.200154 -0.135803 -0.970307 6.00337 -0.625623 -1.01153  
PAIR  2171 W  2218 W   A   g c  C4   C2  RT -0.96297 0.0797962 0.257531 -0.041075 0.900626 -0.432649 -0.266463 -0.427206 -0.863998 6.05418 0.214546 -0.141941  
PAIR  1106 W  1177 W   A   c g  C2   C4  RT -0.979473 0.00768047 -0.201428 0.0506771 0.976561 -0.209188 0.1951 -0.215102 -0.956905 6.01634 -0.69741 -1.06165  
PAIR  1529 W  1586 W   A   c g  C2   C4  RT -0.991795 -0.00290112 -0.127805 0.0270603 0.972324 -0.232064 0.124942 -0.233619 -0.964268 5.96416 -0.69461 -1.20119  
PAIR    49 W    79 W   A   c g  C2   C4  RT -0.983785 -0.00136682 -0.179347 0.00542289 0.999287 -0.0373621 0.17927 -0.0377289 -0.983076 6.05881 -0.462174 -0.344999  
PAIR  2339 W  2365 W   A   a u  C4   C2  RT -0.992598 0.0260195 -0.118629 0.0606808 0.952371 -0.298842 0.105203 -0.303829 -0.9469 6.04551 0.42781 -0.661542  
PAIR  1784 W  1971 W   A   u a  C2   C4  RT -0.983505 0.0606795 -0.1704 0.0496782 0.996441 0.0681029 0.173926 0.0585143 -0.983019 5.87062 -0.553027 -1.26887  
PAIR  2228 W  2244 W   A   u a  C2   C4  RT -0.996045 0.0858989 0.0227016 0.0641073 0.871738 -0.485761 -0.0615161 -0.482384 -0.873797 5.89145 -0.874228 0.371782  
PAIR   410 W  2288 W   A   c g  C2   C4  RT -0.994926 0.0415856 -0.0916155 0.0498932 0.99466 -0.0903394 0.0873695 -0.094452 -0.991688 6.02571 -0.658844 -0.452347  
PAIR  1906 W  1912 W   A   g c  C4   C2  RT -0.958991 -0.0140468 -0.283089 0.0771461 0.948128 -0.308385 0.272737 -0.317578 -0.908162 5.92681 0.327307 -1.14904  
PAIR  1478 W  1627 W   A   a u  C4   C2  RT -0.999413 0.0340688 0.00365028 0.0319963 0.966075 -0.256271 -0.0122573 -0.256003 -0.966598 6.07937 0.589612 -0.476793  
PAIR   545 W   590 W   A   c g  C2   C4  RT -0.938133 -0.0765219 -0.337715 -0.0063728 0.978927 -0.20411 0.346217 -0.18933 -0.918852 5.89166 -0.29004 -1.85262  
PAIR    68 W    91 W   A   g c  C4   C2  RT -0.918666 0.0893857 0.384791 -0.0873977 0.903938 -0.418639 -0.385247 -0.418219 -0.822604 6.0728 0.154673 -0.000551542  
PAIR  1231 W  1245 W   A   a u  C4   C2  RT -0.992201 0.0138193 -0.123878 0.048607 0.958052 -0.282441 0.114779 -0.28626 -0.951252 5.98485 0.459952 -1.0191  
PAIR   818 W   839 W   A   g c  C4   C2  RT -0.914595 0.00437877 0.404347 -0.0883552 0.973616 -0.210395 -0.3946 -0.228152 -0.890077 6.32338 0.430918 0.332921  
PAIR  2082 W  2087 W   A   a u  C4   C2  RT -0.913092 0.00862873 0.407663 -0.0538293 0.988475 -0.14149 -0.404186 -0.151138 -0.902104 5.91663 1.22183 0.0640483  
PAIR  1516 W  1524 W   A   g c  C4   C2  RT -0.960653 0.0773711 0.266757 0.000461902 0.960862 -0.277028 -0.277751 -0.266005 -0.923091 6.14765 0.294997 0.152131  
PAIR  1480 W  1625 W   A   g c  C4   C2  RT -0.999718 -0.0236083 0.00274479 -0.0236439 0.999626 -0.0137463 -0.00241924 -0.0138073 -0.999902 6.17532 0.464106 -0.253124  
PAIR  2524 W  2550 W   A   a u  C4   C2  RT -0.99942 0.0340449 0.00102613 0.0335243 0.988568 -0.146998 -0.00601894 -0.146879 -0.989136 6.02539 0.669697 -0.400418  
PAIR   772 W   850 W   A   a u  C4   C2  RT -0.973858 0.0819493 0.211862 0.0274424 0.968272 -0.248389 -0.225495 -0.236082 -0.945208 6.02826 0.236092 0.415567  
PAIR  2057 W  2319 W   A   g c  C4   C2  RT -0.993606 0.0266332 0.109718 0.0117044 0.990841 -0.134524 -0.112296 -0.13238 -0.984817 6.01179 0.374103 -0.335776  
PAIR  2403 W  2414 W   A   c g  C2   C4  RT -0.999147 0.0282948 0.0300637 0.0257777 0.996377 -0.0810453 -0.0322479 -0.0802013 -0.996257 6.04559 -0.911058 -0.00306513  
PAIR  2700 W  2737 W   A   g c  C4   C2  RT -0.979293 0.04282 0.197868 0.0127226 0.988461 -0.150943 -0.202048 -0.1453 -0.968537 6.20899 0.508555 0.0204408  
PAIR  2275 W  2300 W   A   a u  C4   C2  RT -0.99356 0.0489026 -0.102209 0.0684059 0.978008 -0.197029 0.0903263 -0.202752 -0.975055 6.0565 0.195177 -0.620072  
PAIR   109 W   113 W   A   g c  C4   C2  RT -0.971096 0.0350002 -0.236109 0.0591171 0.993639 -0.0958491 0.231252 -0.107037 -0.966988 5.93848 0.498328 -0.683324  
PAIR  2225 W  2247 W   A   g c  C4   C2  RT -0.98816 0.074667 0.134029 0.0332864 0.957115 -0.287791 -0.14977 -0.279922 -0.948268 6.04767 0.297307 -0.0347133  
PAIR  2083 W  2086 W   A   g c  C4   C2  RT -0.983061 -0.121347 0.137357 -0.0843694 0.964919 0.248621 -0.162708 0.232821 -0.958812 5.84469 0.295909 1.6136  
PAIR   536 W   598 W   A   a u  C4   C2  RT -0.992093 0.0630464 0.108521 0.0277269 0.953406 -0.300414 -0.122404 -0.29503 -0.947615 5.91538 0.189914 -0.498245  
PAIR  2554 W  2606 W   A   u a  C2   C4  RT -0.994314 0.0474725 0.0953171 0.0316625 0.986446 -0.161005 -0.101668 -0.157072 -0.98234 6.08467 -0.775734 -0.0800201  
PAIR  2276 W  2299 W   A   a u  C4   C2  RT -0.990759 0.0382632 -0.130125 0.0764056 0.950127 -0.30236 0.112066 -0.309508 -0.94427 5.94446 0.235176 -0.789008  
PAIR  2518 W  2647 W   A   a u  C4   C2  RT -0.984583 0.0643466 0.162651 0.0566565 0.997065 -0.0514884 -0.165487 -0.0414794 -0.985339 5.99024 0.396338 0.256483  
PAIR   551 W   584 W   A   a u  C4   C2  RT -0.984145 0.0539508 0.168963 0.0506989 0.998437 -0.0235043 -0.169968 -0.0145654 -0.985342 6.12728 0.360301 0.334237  
PAIR    42 W   101 W   A   g c  C4   C2  RT -0.971395 0.0708615 0.226652 0.0109683 0.96681 -0.255259 -0.237218 -0.245472 -0.939932 6.14046 0.343856 0.274095  
PAIR  2619 W  2635 W   A   g c  C4   C2  RT -0.999513 0.017929 0.0255378 0.0143215 0.990738 -0.135034 -0.0277223 -0.134602 -0.990512 6.14018 0.369282 -0.599726  
PAIR  2229 W  2243 W   A   u a  C2   C4  RT -0.99673 0.0779774 -0.0212012 0.0806942 0.97439 -0.209889 0.00429164 -0.210914 -0.977495 5.84818 -0.646549 -0.0981936  
PAIR   408 W  2290 W   A   a u  C4   C2  RT -0.991967 0.0466023 -0.117596 0.0664312 0.983065 -0.170792 0.107645 -0.177233 -0.978264 5.99355 0.418631 -0.621793  
PAIR  2596 W  2736 W   A   u a  C2   C4  RT -0.919559 -0.379421 -0.102233 -0.374415 0.924972 -0.0651232 0.119272 -0.0216072 -0.992627 5.39401 -0.483772 -0.227725  
PAIR  1071 W  1212 W   A   u a  C2   C4  RT -0.997857 0.0539303 0.0370619 0.0426822 0.965714 -0.256074 -0.0496014 -0.253944 -0.965946 5.94941 -0.513036 -0.0387891  
PAIR  1535 W  1579 W   A   g c  C4   C2  RT -0.989447 0.0355295 0.140474 -0.0151664 0.938752 -0.34426 -0.144102 -0.342757 -0.928306 6.03705 0.25498 -0.39826  
PAIR  2535 W  2540 W   A   c g  C2   C4  RT -0.998002 0.0316016 -0.054703 0.0181126 0.972675 0.231462 0.0605228 0.230008 -0.971305 6.18747 -0.631242 0.2089  
PAIR   238 W   249 W   A   g c  C4   C2  RT -0.996967 0.00592272 -0.0776038 0.00118359 0.998139 0.0609724 0.0778204 0.0606956 -0.995118 6.1308 0.429626 -0.407702  
PAIR  1481 W  1624 W   A   c g  C2   C4  RT -0.942628 -0.0540537 -0.329439 -0.0433313 0.998267 -0.0398093 0.33102 -0.0232504 -0.943337 5.86306 -0.746096 -2.28121  
PAIR  1421 W  1442 W   A   u a  C2   C4  RT -0.997686 0.0469527 0.0491801 0.0367214 0.980815 -0.191449 -0.0572257 -0.1892 -0.98027 6.0342 -1.08459 0.194781  
PAIR   299 W   310 W   A   u a  C2   C4  RT -0.999033 0.042417 0.011552 0.0399679 0.985788 -0.163168 -0.018309 -0.162549 -0.986531 5.94097 -0.913031 -0.437759  
PAIR  1428 W  1434 W   A   g c  C4   C2  RT -0.997938 0.023481 0.0597383 0.0185075 0.99642 -0.0824871 -0.0614614 -0.0812114 -0.9948 6.06713 0.369834 0.281836  
PAIR  1427 W  1435 W   A   c g  C2   C4  RT -0.999328 0.0235405 -0.0280872 0.028054 0.984523 -0.172997 0.02358 -0.173669 -0.984522 6.00919 -0.613496 -0.756109  
PAIR  1232 W  1244 W   A   c g  C2   C4  RT -0.945746 -0.0181845 -0.324397 0.0749632 0.959282 -0.272322 0.31614 -0.281865 -0.905874 5.81246 -0.767097 -1.83731  
PAIR  1263 W  1311 W   A   c g  C2   C4  RT -0.997479 0.0185311 -0.0684984 0.0277686 0.990255 -0.136471 0.0653019 -0.138029 -0.988273 5.86346 -0.787994 -1.16728  
PAIR   779 W   811 W   A   a u  C4   C2  RT -0.993288 0.0381351 -0.109197 0.0391133 0.999211 -0.0068299 0.108851 -0.0110551 -0.993997 6.04499 0.80987 -0.239768  
PAIR   935 W   980 W   A   u a  C2   C4  RT -0.997982 0.0598856 -0.0210903 0.0619859 0.990897 -0.119504 0.0137417 -0.120571 -0.99261 6.03355 -0.913096 0.153812  
PAIR  1118 W  1169 W   A   g c  C4   C2  RT -0.998883 0.0405952 0.0241897 0.0448808 0.975205 0.216706 -0.0147927 0.217549 -0.975937 6.15715 0.373937 0.336488  
PAIR  1750 W  1760 W   A   u a  C2   C4  RT -0.995699 0.0577559 -0.0724398 0.0600616 0.997742 -0.030063 0.0705399 -0.0342846 -0.99692 6.13344 -0.719194 -0.503543  
PAIR  1155 W  1164 W   A   g c  C4   C2  RT -0.967232 -0.250508 0.0413236 -0.253617 0.960889 -0.111224 -0.0118449 -0.11806 -0.992936 6.24767 0.629925 -0.964985  
PAIR  2032 W  2501 W   A   a u  C4   C2  RT -0.973497 0.0618223 -0.220185 0.100805 0.980193 -0.170471 0.205285 -0.188149 -0.960447 5.96784 0.121327 -0.330826  
PAIR   412 W  2286 W   A   a u  C4   C2  RT -0.994795 0.0420624 -0.0928064 0.0537055 0.990479 -0.12676 0.0865909 -0.131084 -0.987582 5.98185 0.162399 -0.443392  
PAIR  2693 W  2745 W   A   u a  C2   C4  RT -0.998556 0.0510511 0.0167503 0.0489866 0.993108 -0.106472 -0.0220704 -0.105498 -0.994175 6.06663 -0.902637 -0.0749023  
PAIR    28 W   434 W   A   a u  C4   C2  RT -0.993919 0.0710355 0.0841327 0.0585245 0.988017 -0.142818 -0.0932697 -0.137026 -0.986167 6.08579 0.300291 -0.234631  
PAIR   546 W   589 W   A   c g  C2   C4  RT -0.982186 0.00177964 -0.187901 0.0422355 0.97646 -0.211523 0.183101 -0.215691 -0.959141 6.01056 -1.02264 -1.24208  
PAIR  2144 W  2158 W   A   u a  C2   C4  RT -0.991822 0.0501625 -0.117358 0.0556751 0.997471 -0.0441742 0.114846 -0.0503469 -0.992107 5.94657 -0.936464 -0.482818  
PAIR   905 W   914 W   A   u a  C2   C4  RT -0.994693 0.0780246 0.0670597 0.0606126 0.971105 -0.230827 -0.0831322 -0.225537 -0.970681 6.04327 -0.726876 0.0860491  
PAIR   409 W  2289 W   A   u a  C2   C4  RT -0.98901 0.0547491 -0.137337 0.0707668 0.990888 -0.1146 0.129812 -0.123059 -0.983873 5.92616 -0.578659 -0.906157  
PAIR  2178 W  2197 W   A   c g  C2   C4  RT -0.974191 0.045185 -0.221156 0.04748 0.998859 -0.00506945 0.220674 -0.0154391 -0.975225 6.01262 -0.733806 -1.28403  
PAIR  1411 W  1635 W   A   c g  C2   C4  RT -0.963291 0.0264527 -0.267153 0.10504 0.952936 -0.284394 0.247056 -0.302016 -0.920733 6.06948 -0.831204 -0.894318  
PAIR  1811 W  1838 W   A   a u  C4   C2  RT -0.963357 0.0839455 0.254748 -0.0205035 0.923937 -0.381996 -0.267438 -0.373221 -0.88836 5.92773 0.464714 -0.226227  
PAIR  1821 W  1826 W   A   c g  C2   C4  RT -0.996591 0.0771067 -0.0293457 0.0700466 0.978729 0.192829 0.0435899 0.190116 -0.980793 5.97585 -0.643332 -0.798851  
PAIR  1747 W  1763 W   A   u a  C2   C4  RT -0.981575 0.0812178 0.172957 0.0497203 0.982553 -0.179215 -0.184495 -0.167314 -0.968487 5.87431 -0.838107 0.253076  
PAIR   638 W   744 W   A   u a  C2   C4  RT -0.99383 0.0573046 -0.0949667 0.070373 0.987571 -0.140538 0.0857329 -0.146354 -0.98551 5.93238 -0.546465 -0.68909  
PAIR  2471 W  2476 W   A   c g  C2   C4  RT -0.997236 0.0411312 -0.0618736 0.0424312 0.998902 -0.0198442 0.0609895 -0.0224147 -0.997887 6.23412 -0.670473 -0.289924  
PAIR  1872 W  1885 W   A   c g  C2   C4  RT -0.924149 -0.0389991 -0.380037 0.125098 0.909039 -0.39749 0.36097 -0.414882 -0.835209 5.72326 -0.828114 -2.05985  
PAIR   289 W   340 W   A   c g  C2   C4  RT -0.99316 0.029098 -0.113073 0.0482242 0.984212 -0.170294 0.106333 -0.174583 -0.978884 6.09246 -0.611741 -0.787618  
PAIR  1053 W  1223 W   A   g c  C4   C2  RT -0.975596 0.0683418 0.208668 0.0194149 0.973456 -0.22805 -0.218714 -0.218433 -0.951026 6.14863 0.313197 -0.228899  
PAIR  1809 W  1840 W   A   u a  C2   C4  RT -0.997641 0.0680471 -0.00904282 0.0677604 0.997282 0.0289315 0.010987 0.0282505 -0.99954 6.08703 -0.857278 -0.00890506  
PAIR  2175 W  2214 W   A   u a  C2   C4  RT -0.996331 0.0699432 -0.0493167 0.0816207 0.949865 -0.301818 0.0257342 -0.304735 -0.952089 6.13489 -0.716234 -0.192299  
PAIR  2470 W  2477 W   A   u a  C2   C4  RT -0.997682 0.0634803 -0.0244977 0.0680383 0.935074 -0.347861 0.0008248 -0.348721 -0.937226 6.02841 -0.660322 -0.52905  
PAIR    53 W    75 W   A   c g  C2   C4  RT -0.984524 0.000300141 -0.175247 0.0417386 0.971624 -0.23282 0.170205 -0.236531 -0.9566 5.96636 -0.532291 -1.2786  
PAIR  1233 W  1243 W   A   c g  C2   C4  RT -0.996848 -0.00766842 -0.0789594 0.0130911 0.965771 -0.259067 0.0782433 -0.259284 -0.962626 5.97352 -0.472237 -1.05454  
PAIR  1457 W  1468 W   A   g c  C4   C2  RT -0.98995 0.0860834 0.112201 0.0308407 0.90571 -0.422774 -0.138016 -0.415064 -0.899263 6.09613 0.359545 -0.198263  
PAIR  1100 W  1183 W   A   c g  C2   C4  RT -0.986264 0.0418607 -0.159786 0.0671617 0.985409 -0.156391 0.150908 -0.164975 -0.974685 5.84527 -0.636051 -1.08644  
PAIR   147 W   167 W   A   a u  C4   C2  RT -0.953142 0.047844 0.298717 0.0550803 0.998356 0.0158475 -0.297468 0.0315583 -0.95421 5.95573 0.873858 0.504349  
PAIR  2402 W  2415 W   A   c g  C2   C4  RT -0.996899 0.0184137 -0.0765038 0.0322099 0.982542 -0.18323 0.0717942 -0.185126 -0.980089 5.95536 -0.446868 -0.674105  
PAIR  1489 W  1621 W   A   g c  C4   C2  RT -0.99702 0.057714 -0.0511914 0.0711796 0.944078 -0.321948 0.0297477 -0.324633 -0.945372 5.90028 0.180082 -0.6882  
PAIR  1587 W  1592 W   A   g c  C4   C2  RT -0.981973 0.0454793 0.183467 0.0681098 0.990556 0.118999 -0.176322 0.129349 -0.975797 6.02452 0.223376 -0.295486  
PAIR  1371 W  1657 W   A   a u  C4   C2  RT -0.979112 0.0842506 0.185043 0.0566616 0.987118 -0.149626 -0.195265 -0.136015 -0.971273 5.99635 0.359981 0.0577288  
PAIR  1474 W  1631 W   A   c g  C2   C4  RT -0.99329 0.0656134 0.0952318 0.05357 0.990844 -0.12393 -0.102491 -0.117997 -0.987711 6.10418 -0.803007 0.785278  
PAIR   657 W   667 W   A   c g  C2   C4  RT -0.995351 0.0557756 -0.0785204 0.064909 0.990766 -0.119034 0.0711561 -0.123578 -0.98978 6.1561 -0.724848 -0.414661  
PAIR  2612 W  2642 W   A   g c  C4   C2  RT -0.968157 0.046841 0.245924 -0.0139328 0.970736 -0.239747 -0.249957 -0.235539 -0.939171 6.1578 0.249847 0.409941  
PAIR  1514 W  1526 W   A   u a  C2   C4  RT -0.995661 0.0875936 0.0314015 0.0818342 0.984896 -0.152588 -0.0442929 -0.149356 -0.987791 6.05042 -0.646612 0.108909  
PAIR  2183 W  2190 W   A   g c  C4   C2  RT -0.998859 0.0445798 0.0171086 0.0445929 0.999005 0.000387791 -0.0170743 0.00115027 -0.999854 6.23301 0.324388 -0.133017  
PAIR  2390 W  2448 W   A   c g  C2   C4  RT -0.999523 0.0137489 0.0276489 0.0110712 0.995437 -0.0947716 -0.0288257 -0.0944203 -0.995115 6.12196 -0.436174 -0.266137  
PAIR  1326 W  2005 W   A   c g  C2   C4  RT -0.98765 0.0719063 0.139201 0.0582286 0.993286 -0.0999569 -0.145454 -0.0906169 -0.985206 6.11794 -0.713154 0.29936  
PAIR   198 W   219 W   A   g c  C4   C2  RT -0.972073 0.100969 0.211847 0.021937 0.937855 -0.346334 -0.233651 -0.332015 -0.913878 5.97421 0.149176 -0.107086  
PAIR  1820 W  1827 W   A   c g  C2   C4  RT -0.959176 0.067222 -0.274705 0.0557521 0.997224 0.0493593 0.27726 0.0320289 -0.960261 5.81191 -0.578342 -1.69654  
PAIR   286 W   343 W   A   u a  C2   C4  RT -0.998672 0.0501146 -0.0119764 0.0509331 0.924991 -0.37656 -0.0077931 -0.37667 -0.926315 5.9915 -0.95823 -0.431867  
PAIR  1864 W  1893 W   A   u a  C2   C4  RT -0.957341 0.0496465 -0.284665 0.0940677 0.985014 -0.144564 0.273222 -0.165175 -0.947664 5.96744 -0.929594 -1.11393  
PAIR  1061 W  1215 W   A   u a  C2   C4  RT -0.998173 0.0560643 -0.0225179 0.0601493 0.957215 -0.283057 0.00568507 -0.283895 -0.958839 6.04003 -0.926024 -0.447578  
PAIR  2223 W  2249 W   A   c g  C2   C4  RT -0.985084 -0.00778372 -0.171898 0.0340667 0.970382 -0.239163 0.168669 -0.241452 -0.955642 6.00252 -0.386896 -0.969534  
PAIR  1412 W  1634 W   A   g c  C4   C2  RT -0.999574 0.0243002 -0.0161811 0.0276757 0.965157 -0.260203 0.00929432 -0.26054 -0.965418 6.13933 0.231677 -0.521391  
PAIR   903 W   916 W   A   c g  C2   C4  RT -0.991302 0.0657408 -0.114009 0.0730633 0.995443 -0.0612817 0.109461 -0.0690785 -0.991588 6.07826 -0.719933 -0.506105  
PAIR  2078 W  2109 W   A   g c  C4   C2  RT -0.97635 0.0857617 0.198456 0.0348435 0.968374 -0.247056 -0.213368 -0.234299 -0.948461 6.23132 0.32567 0.207095  
PAIR   153 W   160 W   A   g c  C4   C2  RT -0.823418 0.0897503 0.560292 0.00719449 0.988984 -0.147847 -0.567389 -0.117709 -0.814993 6.11149 0.305281 0.832896  
PAIR   116 W   118 W   A   u a  C2   C4  RT -0.995867 0.0793739 -0.0441491 0.0662161 0.967195 0.245253 0.0621675 0.241316 -0.968453 6.28418 -0.604298 -0.179544  
PAIR  2529 W  2545 W   A   a u  C4   C2  RT -0.998669 0.0507332 0.00931162 0.0493287 0.992136 -0.115034 -0.0150744 -0.114421 -0.993318 5.96787 1.02599 -0.254369  
PAIR  1848 W  1960 W   A   c g  C2   C4  RT -0.99595 0.0800491 -0.0409286 0.0883788 0.955244 -0.28231 0.0164981 -0.284784 -0.95845 6.0381 -0.777036 -0.0361538  
PAIR   659 W   665 W   A   g c  C4   C2  RT -0.953632 0.0959815 0.285259 -0.0132432 0.933488 -0.358364 -0.300683 -0.345525 -0.888933 6.14293 0.0951758 -0.0822041  
PAIR   700 W   705 W   A   g c  C4   C2  RT -0.976324 0.0705175 0.204497 0.0301094 0.98047 -0.194349 -0.214208 -0.18359 -0.95938 6.10953 0.37989 -0.132889  
PAIR   196 W   221 W   A   u a  C2   C4  RT -0.977488 0.0387295 -0.207407 0.0967489 0.955847 -0.277481 0.187503 -0.2913 -0.938076 5.98308 -0.90362 -0.996823  
PAIR   716 W   731 W   A   c g  C2   C4  RT -0.934346 0.0453545 -0.353468 0.0903512 0.989609 -0.111852 0.344722 -0.136445 -0.928735 5.79408 -0.933289 -1.8086  
PAIR   952 W   964 W   A   g c  C4   C2  RT -0.952221 0.0429197 -0.302379 0.0655825 0.995715 -0.0651939 0.298285 -0.0819098 -0.950956 5.93785 0.191454 -0.671015  
PAIR    45 W    56 W   A   g c  C4   C2  RT -0.977205 0.124167 0.172202 0.0114473 0.840765 -0.541279 -0.211991 -0.526969 -0.823021 6.13051 0.156553 -0.0235309  
PAIR    11 W   512 W   A   g c  C4   C2  RT -0.992641 0.072966 0.0966397 0.0532954 0.979868 -0.192404 -0.108733 -0.185837 -0.976546 6.19129 0.332935 -0.189195  
PAIR   780 W   810 W   A   g c  C4   C2  RT -0.995582 0.0782469 0.0519095 0.0683173 0.982855 -0.171258 -0.06442 -0.166955 -0.983858 6.03878 0.238158 -0.309587  
PAIR  2011 W  2028 W   A   u a  C2   C4  RT -0.983477 0.0514946 -0.173557 0.110062 0.931246 -0.347371 0.143737 -0.360734 -0.921526 6.05345 -1.05974 -0.368753  
PAIR  1728 W  1733 W   A   c g  C2   C4  RT -0.99148 0.0481327 -0.121042 0.0585196 0.994765 -0.0837748 0.116376 -0.0901443 -0.989106 5.96858 -0.808934 -1.0735  
PAIR  2281 W  2295 W   A   c g  C2   C4  RT -0.972631 0.0310962 -0.230263 0.059025 0.991562 -0.115415 0.224731 -0.125847 -0.96626 6.11702 -0.500642 -0.834004  
PAIR  1383 W  1401 W   A   c g  C2   C4  RT -0.994578 0.0480659 -0.0922156 0.0627432 0.984541 -0.163532 0.0829297 -0.168431 -0.982219 6.09515 -0.793616 -0.712592  
PAIR   693 W   712 W   A   c g  C2   C4  RT -0.978558 0.0391902 -0.202208 0.075182 0.981957 -0.173519 0.191759 -0.185001 -0.963848 5.99672 -0.802251 -1.31952  
PAIR  1542 W  1571 W   A   u a  C2   C4  RT -0.977483 0.0474975 -0.205599 0.0796004 0.985353 -0.150809 0.195425 -0.163779 -0.966947 6.05972 -0.614678 -1.38506  
PAIR   936 W   979 W   A   g c  C4   C2  RT -0.998844 0.0436586 0.0201264 0.0372291 0.967337 -0.250744 -0.0304162 -0.249705 -0.967844 6.11871 0.194318 -0.294802  
PAIR  2617 W  2637 W   A   g c  C4   C2  RT -0.991296 0.0650788 0.114438 0.0289886 0.955839 -0.292458 -0.128418 -0.286596 -0.949406 6.052 0.140753 -0.186973  
PAIR    74 W    82 W   A   c g  C2   C4  RT -0.982373 0.0821514 -0.167909 0.0479634 0.978957 0.198349 0.180671 0.1868 -0.965642 6.17012 -0.631268 -0.720969  
PAIR   816 W   841 W   A   g c  C4   C2  RT -0.993127 0.0543862 -0.103638 0.0595759 0.997086 -0.0476548 0.100744 -0.0535016 -0.993473 6.07564 0.244847 -0.445925  
PAIR   635 W   747 W   A   g c  C4   C2  RT -0.931384 0.0599108 0.359074 0.0176987 0.992651 -0.119714 -0.363607 -0.105144 -0.9256 5.98197 0.124902 0.886828  
PAIR  2061 W  2313 W   A   c g  C2   C4  RT -0.981856 0.0372573 -0.185934 0.0859109 0.961508 -0.261001 0.169052 -0.272239 -0.947263 5.94715 -0.771584 -1.12745  
PAIR  2508 W  2661 W   A   g c  C4   C2  RT -0.939506 0.113471 0.323193 0.0299312 0.967123 -0.252543 -0.341224 -0.227592 -0.912013 6.13862 0.354768 0.614459  
PAIR  1413 W  1633 W   A   g c  C4   C2  RT -0.934022 0.131785 0.332017 -0.0447382 0.878985 -0.474746 -0.354403 -0.458277 -0.815096 6.22722 0.341315 0.12584  
PAIR  1014 W  1020 W   A   g c  C4   C2  RT -0.989376 0.0701841 0.127315 0.0638886 0.996555 -0.0528807 -0.130588 -0.044185 -0.990452 6.14542 0.408827 -0.168232  
PAIR  2331 W  2375 W   A   g c  C4   C2  RT -0.99292 0.0687205 -0.0968863 0.0664275 0.997434 0.0267007 0.0984726 0.0200758 -0.994937 6.17255 0.469776 -0.467632  
PAIR  2014 W  2025 W   A   a u  C4   C2  RT -0.996399 0.0703856 -0.0472834 0.0801644 0.963668 -0.25479 0.0276319 -0.257663 -0.96584 6.04337 0.501398 -0.293255  
PAIR  1533 W  1581 W   A   c g  C2   C4  RT -0.916906 -0.0578643 -0.394886 0.122964 0.900344 -0.417446 0.379689 -0.431315 -0.818415 5.52739 -1.08857 -2.24348  
PAIR  2397 W  2422 W   A   c g  C2   C4  RT -0.998065 0.0356761 -0.0509295 0.0489266 0.956047 -0.289103 0.0383769 -0.291036 -0.955942 6.12381 -0.547356 -0.461202  
PAIR  1875 W  1882 W   A   c g  C2   C4  RT -0.993291 0.0340464 -0.110515 0.0504768 0.987478 -0.149465 0.104042 -0.154041 -0.982571 6.05703 -0.576458 -1.0448  
PAIR  2182 W  2191 W   A   c g  C2   C4  RT -0.996743 0.0758543 -0.0273876 0.07806 0.992759 -0.0913083 0.0202631 -0.0931487 -0.995446 6.041 -0.760119 -0.267598  
PAIR  1347 W  1355 W   A   g c  C4   C2  RT -0.935796 0.104318 0.336754 0.0422597 0.981524 -0.186616 -0.35 -0.160404 -0.922914 6.22403 0.275718 0.697665  
PAIR   637 W   745 W   A   g c  C4   C2  RT -0.997071 0.0758436 -0.0098886 0.0763881 0.993967 -0.0787108 0.00385923 -0.0792356 -0.996848 6.13982 0.214674 -0.107486  
PAIR  2509 W  2660 W   A   u a  C2   C4  RT -0.981605 0.0963712 0.164818 0.0649044 0.980283 -0.186634 -0.179555 -0.172503 -0.968505 5.98275 -0.991255 0.61505  
PAIR  2522 W  2552 W   A   c g  C2   C4  RT -0.996443 0.03927 0.0745605 0.03585 0.998267 -0.0466662 -0.0762639 -0.0438273 -0.996124 6.14565 -0.540955 -0.284311  
PAIR  2527 W  2547 W   A   g c  C4   C2  RT -0.996814 0.0783808 0.0147638 0.0741855 0.979115 -0.189287 -0.0292919 -0.187589 -0.981811 6.07002 0.150836 -0.315401  
PAIR  1425 W  1438 W   A   a u  C4   C2  RT -0.97694 0.10377 0.186601 0.0349493 0.939884 -0.339702 -0.210634 -0.325347 -0.921837 6.03377 0.552012 -0.00593045  
PAIR  1009 W  1025 W   A   c g  C2   C4  RT -0.978674 0.051397 -0.198886 0.0939813 0.972952 -0.211026 0.18266 -0.225218 -0.957033 5.95436 -0.942968 -0.989827  
PAIR  1068 W  1214 W   A   g c  C4   C2  RT -0.988835 0.0441314 -0.142333 0.0481285 0.998534 -0.0247617 0.141032 -0.0313355 -0.989509 6.01846 0.236398 -0.907552  
PAIR  2333 W  2372 W   A   g c  C4   C2  RT -0.996966 0.0776069 -0.00607175 0.0757646 0.949469 -0.304578 -0.0178725 -0.304114 -0.952468 6.04459 0.156266 -0.493517  
PAIR  2673 W  2687 W   A   c g  C2   C4  RT -0.979941 0.00270318 -0.199268 0.0740594 0.933238 -0.351543 0.185014 -0.359249 -0.914718 6.13099 -0.590221 -1.12496  
PAIR  1517 W  1523 W   A   g c  C4   C2  RT -0.947867 0.115918 0.296836 0.0428541 0.9694 -0.241718 -0.315772 -0.216396 -0.923829 6.0657 0.394997 0.652695  
PAIR  2507 W  2662 W   A   g c  C4   C2  RT -0.973937 0.101703 0.202739 0.056896 0.974804 -0.215685 -0.219567 -0.198529 -0.955184 6.21336 0.225512 0.345367  
PAIR  2510 W  2659 W   A   g c  C4   C2  RT -0.997647 0.06742 -0.0124771 0.0685116 0.987398 -0.142661 0.00270166 -0.14318 -0.989693 6.20476 0.198896 0.14207  
PAIR  2576 W  2583 W   A   u a  C2   C4  RT -0.987559 0.0511604 -0.148694 0.0704268 0.989356 -0.127341 0.140596 -0.136228 -0.98065 5.87661 -1.04842 -0.91196  
PAIR  2185 W  2188 W   A   g c  C4   C2  RT -0.961487 0.0727735 0.265042 0.0210166 0.980954 -0.193102 -0.274047 -0.180095 -0.944703 6.36457 0.173476 -0.266621  
PAIR  1265 W  1309 W   A   c g  C2   C4  RT -0.959213 0.0279687 -0.281299 0.113192 0.949839 -0.291538 0.259035 -0.311487 -0.914263 5.82735 -0.862411 -1.55791  
PAIR  1094 W  1188 W   A   g c  C4   C2  RT -0.997383 0.0692181 -0.0208723 0.0716883 0.98425 -0.161597 0.00935811 -0.162671 -0.986636 6.11479 0.310113 -0.481155  
PAIR  1410 W  1472 W   A   c g  C2   C4  RT -0.991338 0.00543909 -0.131224 0.0378911 0.968502 -0.246108 0.125752 -0.248948 -0.960318 6.1237 -0.388786 -0.658504  
PAIR  1686 W  1995 W   A   g c  C4   C2  RT -0.972738 0.0830793 0.216517 0.0479634 0.985515 -0.162667 -0.226895 -0.147847 -0.962632 6.13598 0.494013 0.116511  
PAIR  1502 W  1602 W   A   g c  C4   C2  RT -0.970489 0.0654492 0.232094 0.0381311 0.992005 -0.120296 -0.238112 -0.107896 -0.965226 6.22032 0.573222 0.021703  
PAIR   407 W  2291 W   A   c g  C2   C4  RT -0.991656 0.065612 -0.110967 0.0832294 0.983203 -0.162435 0.0984455 -0.170316 -0.98046 6.054 -0.96239 -0.483237  
PAIR  1070 W  1213 W   A   g c  C4   C2  RT -0.995213 -0.0278206 0.0936902 -0.055653 0.949346 -0.309266 -0.0803404 -0.313 -0.946349 6.06348 0.111374 -0.368191  
PAIR   322 W   332 W   A   g c  C4   C2  RT -0.996993 0.0689286 0.0353965 0.0695074 0.997463 0.0153865 -0.0342461 0.0178005 -0.999255 6.06079 0.182535 -0.261288  
PAIR   658 W   666 W   A   g c  C4   C2  RT -0.996222 0.0780444 0.0380793 0.0759125 0.995622 -0.0545431 -0.0421694 -0.0514463 -0.997785 6.15021 0.264971 -0.209381  
PAIR   142 W   173 W   A   c g  C2   C4  RT -0.905357 0.0547216 -0.421111 0.170107 0.955357 -0.241573 0.389092 -0.290344 -0.874247 5.85545 -0.807038 -1.4365  
PAIR    72 W    84 W   A   g c  C4   C2  RT -0.994855 0.0788899 0.0635575 0.0789888 0.996875 -0.000958303 -0.0634345 0.00406696 -0.997978 6.10588 0.16066 -0.105469  
PAIR  2128 W  2136 W   A   c g  C2   C4  RT -0.998686 0.0501348 0.0106436 0.0455906 0.963877 -0.262418 -0.0234154 -0.261588 -0.964896 6.21816 -0.442407 0.210018  
PAIR  2034 W  2499 W   A   c g  C2   C4  RT -0.976822 0.05538 -0.206764 0.0854159 0.986561 -0.139291 0.196271 -0.153724 -0.968425 5.98164 -0.584158 -1.04177  
PAIR   893 W  1260 W   A   c g  C2   C4  RT -0.996392 0.0704752 -0.0472979 0.0736871 0.994822 -0.0700026 0.0421195 -0.0732352 -0.996425 6.09846 -0.627654 -0.618881  
PAIR   781 W   809 W   A   a u  C4   C2  RT -0.938934 0.0961057 0.330403 0.0544798 0.989613 -0.133033 -0.339756 -0.106909 -0.934417 6.23647 0.336975 0.696529  
PAIR  1936 W  1946 W   A   g c  C4   C2  RT -0.986674 0.0728411 0.145496 0.0249511 0.951356 -0.307082 -0.160787 -0.299359 -0.940495 6.20629 0.448075 -0.35713  
PAIR   234 W   255 W   A   c g  C2   C4  RT -0.993347 0.0647969 -0.0951962 0.0732287 0.993432 -0.0879264 0.0888736 -0.0943126 -0.991568 6.00763 -0.604168 -0.887369  
PAIR  1852 W  1903 W   A   c g  C2   C4  RT -0.991258 0.0737767 0.109386 0.0816325 0.99426 0.0691648 -0.103655 0.0774896 -0.99159 6.14153 -0.69482 0.702845  
PAIR  1035 W  1044 W   A   g c  C4   C2  RT -0.94156 0.117225 0.315788 0.0627882 0.982139 -0.177373 -0.33094 -0.147179 -0.932103 6.11047 0.0497273 -0.0267119  
PAIR  2205 W  2265 W   A   g c  C4   C2  RT -0.997744 0.0392545 -0.0544657 0.0440311 0.995016 -0.0894674 0.0506823 -0.0916638 -0.994499 6.0652 0.166709 -0.399181  
PAIR  1697 W  1988 W   A   c g  C2   C4  RT -0.990227 0.0252804 -0.137156 0.0614567 0.9619 -0.266404 0.125195 -0.272229 -0.954053 6.02529 -0.587891 -1.26253  
PAIR   233 W   256 W   A   c g  C2   C4  RT -0.953305 0.00682345 -0.301933 0.0843941 0.965936 -0.244632 0.289978 -0.25869 -0.921408 5.79227 -0.643225 -2.00799  
