Nbb    5.518000    5.803000    9.175000    7.508000    4.584000    6.641000    7.458000    6.693000    5.641000    5.373000    5.031000    6.467000    9.499000    4.991000    7.913000    5.988000    6.849000    9.272000    5.774000    3.968000    7.829000    7.563000    9.321000    4.618000    3.721000
CAbb    5.803000    7.670000    9.797000    5.871000    6.744000   10.017000    6.975000    7.236000    5.452000    5.607000    7.676000    5.910000    9.260000    4.244000    6.396000    4.757000    7.333000    8.649000    5.968000    3.126000    8.352000    8.352000   10.465000    4.588000    3.557000
CB    9.175000    9.797000    9.653000    9.778000    6.589000    8.462000    6.335000    6.776000    4.533000    4.244000    8.797000    5.712000    8.744000    3.640000    5.499000    4.713000    6.646000    8.791000    4.580000    1.943000    7.596000    8.964000    8.928000    4.182000    3.877000
CObb    7.508000    5.871000    9.778000    6.880000    6.600000    7.723000    7.007000    8.364000    6.250000    5.308000    4.862000    5.546000    9.370000    4.310000    7.645000    5.842000    6.136000    4.016000    5.636000    3.201000    7.885000    9.456000    9.413000    4.452000    4.439000
OCbb    4.584000    6.744000    6.589000    6.600000    4.889000    5.765000    4.818000    4.946000    3.254000    2.986000    5.221000    3.349000    7.023000    2.647000    4.020000    3.542000    2.500000    4.752000    3.565000    1.814000    4.991000    5.612000    5.939000    3.262000    2.789000
CEN_ALA    6.641000   10.017000    8.462000    7.723000    5.765000   10.478000    8.708000    7.896000    5.645000    5.546000   10.811000    6.513000    9.734000    5.664000    7.350000    6.012000    8.289000   10.272000    6.315000    5.443000    8.940000    9.530000    9.357000    5.295000    5.272000
CEN_CYS    7.458000    6.975000    6.335000    7.007000    4.818000    8.708000    3.791000    7.678000    8.225000    5.518000    9.419000    8.970000   10.368000    9.406000    7.339000    8.105000    9.272000   11.710000    9.321000    7.497000    8.809000    8.744000   10.259000    6.482000    4.516000
CEN_ASP    6.693000    7.236000    6.776000    8.364000    4.946000    7.896000    7.678000    8.791000    6.275000    4.554000    8.509000    6.022000    7.684000    5.130000    6.155000    6.290000    6.854000    9.511000    5.185000    3.806000    6.559000    7.166000    9.205000    5.240000    5.669000
CEN_GLU    5.641000    5.452000    4.533000    6.250000    3.254000    5.645000    8.225000    6.275000    5.698000    3.497000    5.818000    2.907000    7.437000    3.404000    5.929000    7.458000    5.939000    7.590000    6.682000    2.641000    4.713000    7.204000    5.626000    6.265000    3.419000
CEN_PHE    5.373000    5.607000    4.244000    5.308000    2.986000    5.546000    5.518000    4.554000    3.497000    3.309000    5.988000    4.260000    5.522000    3.764000    2.631000    4.339000    5.281000    4.928000    2.722000    3.197000    5.240000    6.651000    4.661000    4.235000    2.076000
CEN_GLY    5.031000    7.676000    8.797000    4.862000    5.221000   10.811000    9.419000    8.509000    5.818000    5.988000   10.936000    7.740000    9.791000    5.013000    7.981000    8.134000    8.934000   11.089000    7.268000    4.364000    9.066000    9.272000   10.969000    5.532000    5.636000
CEN_HIS    6.467000    5.910000    5.712000    5.546000    3.349000    6.513000    8.970000    6.022000    2.907000    4.260000    7.740000    7.241000    8.105000    4.924000    6.140000    6.350000    5.359000    7.290000    5.958000    3.190000    6.205000    8.020000    6.391000    5.139000    4.406000
CEN_ILE    9.499000    9.260000    8.744000    9.370000    7.023000    9.734000   10.368000    7.684000    7.437000    5.522000    9.791000    8.105000   11.129000    6.140000    7.447000    7.458000    8.260000   11.710000    7.585000    5.688000    9.986000    9.828000    9.598000    6.523000    5.076000
CEN_LYS    4.991000    4.244000    3.640000    4.310000    2.647000    5.664000    9.406000    5.130000    3.404000    3.764000    5.013000    4.924000    6.140000    6.411000    4.866000    4.889000    4.627000    6.734000    4.884000    6.933000    5.664000    5.929000    7.023000    3.045000    2.503000
CEN_LEU    7.913000    6.396000    5.499000    7.645000    4.020000    7.350000    7.339000    6.155000    5.929000    2.631000    7.981000    6.140000    7.447000    4.866000    6.870000    4.601000    7.044000    8.644000    5.789000    4.356000    6.610000    6.896000    8.009000    3.378000    2.696000
CEN_MET    5.988000    4.757000    4.713000    5.842000    3.542000    6.012000    8.105000    6.290000    7.458000    4.339000    8.134000    6.350000    7.458000    4.889000    4.601000    7.475000    5.660000    9.809000    8.260000    3.629000    7.773000    8.532000    6.096000    5.434000    3.378000
CEN_ASN    6.849000    7.333000    6.646000    6.136000    2.500000    8.289000    9.272000    6.854000    5.939000    5.281000    8.934000    5.359000    8.260000    4.627000    7.044000    5.660000    7.464000   10.983000    7.065000    5.331000    7.118000    7.728000    8.294000    5.736000    4.326000
CEN_PRO    9.272000    8.649000    8.791000    4.016000    4.752000   10.272000   11.710000    9.511000    7.590000    4.928000   11.089000    7.290000   11.710000    6.734000    8.644000    9.809000   10.983000   13.440000    7.382000    7.038000    9.382000   11.296000   12.510000    6.345000    4.431000
CEN_GLN    5.774000    5.968000    4.580000    5.636000    3.565000    6.315000    9.321000    5.185000    6.682000    2.722000    7.268000    5.958000    7.585000    4.884000    5.789000    8.260000    7.065000    7.382000    5.570000    3.976000    5.731000    5.603000    7.530000    4.722000    3.000000
CEN_ARG    3.968000    3.126000    1.943000    3.201000    1.814000    5.443000    7.497000    3.806000    2.641000    3.197000    4.364000    3.190000    5.688000    6.933000    4.356000    3.629000    5.331000    7.038000    3.976000    4.068000    4.439000    6.260000    5.244000    2.802000    2.742000
CEN_SER    7.829000    8.352000    7.596000    7.885000    4.991000    8.940000    8.809000    6.559000    4.713000    5.240000    9.066000    6.205000    9.986000    5.664000    6.610000    7.773000    7.118000    9.382000    5.731000    4.439000    7.497000    9.090000    9.042000    5.895000    5.022000
CEN_THR    7.563000    8.352000    8.964000    9.456000    5.612000    9.530000    8.744000    7.166000    7.204000    6.651000    9.272000    8.020000    9.828000    5.929000    6.896000    8.532000    7.728000   11.296000    5.603000    6.260000    9.090000    9.828000   11.169000    7.964000    6.160000
CEN_VAL    9.321000   10.465000    8.928000    9.413000    5.939000    9.357000   10.259000    9.205000    5.626000    4.661000   10.969000    6.391000    9.598000    7.023000    8.009000    6.096000    8.294000   12.510000    7.530000    5.244000    9.042000   11.169000   11.451000    5.717000    5.944000
CEN_TRP    4.618000    4.588000    4.182000    4.452000    3.262000    5.295000    6.482000    5.240000    6.265000    4.235000    5.532000    5.139000    6.523000    3.045000    3.378000    5.434000    5.736000    6.345000    4.722000    2.802000    5.895000    7.964000    5.717000    7.480000    2.776000
CEN_TYR    3.721000    3.557000    3.877000    4.439000    2.789000    5.272000    4.516000    5.669000    3.419000    2.076000    5.636000    4.406000    5.076000    2.503000    2.696000    3.378000    4.326000    4.431000    3.000000    2.742000    5.022000    6.160000    5.944000    2.776000    2.722000
