CBETA_DEN6:     0.618900    0.619800    0.357300    0.279900    0.228800    0.275500    0.306700    0.410200    0.606500    0.606500    0.606500    0.606500    0.606500    0.606500    0.606500    0.606500    0.606500    0.606500    0.606500    0.606500    0.606500    0.606500    0.606500    0.606500    0.606500    0.606500    0.606500    0.606500    0.606500    0.606500    0.606500    0.606500    0.606500    0.606500    0.606500    0.606500    0.606500    0.606500    0.606500    0.606500    0.606500    0.606500    0.606500    0.606500    0.606500
CBETA_DEN12:     0.138300    0.138300    0.138300    0.138300    0.138300    0.130900    0.115700    0.106900    0.101300    0.094400    0.088200    0.083500    0.077100    0.075700    0.074000    0.073100    0.070400    0.070300    0.068800    0.069400    0.070900    0.072000    0.072900    0.074400    0.076200    0.079100    0.081500    0.082500    0.086100    0.088400    0.092200    0.094200    0.096300    0.102200    0.103700    0.109100    0.110700    0.115900    0.121500    0.131500    0.132300    0.142700    0.150600    0.156400    0.156400
