INT_CHAIN_PAIR_LOG: ALA    0.200541562754133    0.0429399827073992    0.0752055767053971    0.12531   -0.0017926    0.068988   -0.052998    0.053531    0.13881   -0.037571   -0.0587   -0.023075    0.060592    0.12274    0.19042    0.070297    0.068864   -0.053325    0.18871    0.17504
INT_CHAIN_PAIR_LOG: CYS    0.0429399827073992   -1.3872    0.57019    0.3048    0.055575   -0.11152   -0.073871    0.4326    0.27786    0.069286    0.091471    0.68266   -0.081788    0.18392    0.22707   -0.21305    0.28787    0.058537    0.020291    0.030066
INT_CHAIN_PAIR_LOG: ASP    0.0752055767053971    0.57019    0.40805    0.35935    0.47889    0.003118   -0.28882    0.31287   -0.59207    0.5355    0.6862   -0.37089    0.29479   -0.08793   -0.52733   -0.36244   -0.17997    0.30958    0.24473    0.2907
INT_CHAIN_PAIR_LOG: GLU   -0.12531    0.3048    0.35935    0.15366    0.24101    0.15589    0.049111    0.22295   -0.57063    0.22445   -0.021264   -0.012203    0.015772    0.14804   -0.44764   -0.21427   -0.040734    0.31067    1.3069    0.13096
INT_CHAIN_PAIR_LOG: PHE   -0.0017926    0.055575    0.47889    0.24101   -0.038969    0.25068    0.14509   -0.17297    0.17703   -0.001217   -0.25733    0.043061   -0.15011    0.0048578    0.097578    0.30239    0.11279    0.0037365   -0.17895   -0.16635
INT_CHAIN_PAIR_LOG: GLY    0.068988   -0.11152    0.003118    0.15589    0.25068    0.20616   -0.077841    0.15861   -0.14703    0.32215    0.070338    0.061667   -0.0037114   -0.056795   -0.15136    0.050491   -0.18949    0.26143   -0.093559    0.0077413
INT_CHAIN_PAIR_LOG: HIS   -0.052998   -0.073871   -0.28882    0.049111    0.14509   -0.077841   -0.26944    0.44533    0.34405   -0.051148    0.068889    0.44656    0.21204   -0.11096   -0.063367    0.083807    0.091799    0.22656   -0.23539   -0.14667
INT_CHAIN_PAIR_LOG: ILE    0.053531    0.4326    0.31287    0.22295   -0.17297    0.15861    0.44533   -0.033673    0.24591   -0.32826   -0.12503    0.3109    0.049958    0.38739    0.36564    0.34787    0.063102   -0.18799   -0.1871   -0.086002
INT_CHAIN_PAIR_LOG: LYS   -0.13881    0.27786   -0.59207   -0.57063    0.17703   -0.14703    0.34405    0.24591    0.44017    0.39546    0.063129   -0.022724    0.13246   -0.25114    0.44774    0.0037438    0.16668    0.17993    0.023607   -0.111
INT_CHAIN_PAIR_LOG: LEU   -0.037571    0.069286    0.5355    0.22445   -0.001217    0.32215   -0.051148   -0.32826    0.39546    0.080049   -0.14837    0.49433    0.18391    0.12816    0.057278    0.24937    0.21504   -0.23683   -0.025177    0.11079
INT_CHAIN_PAIR_LOG: MET   -0.0587    0.091471    0.6862   -0.021264   -0.25733    0.070338    0.068889   -0.12503    0.063129   -0.14837   -0.44345    0.42117    0.0677    0.261    0.32519    0.28361    0.32501   -0.054204   -0.065648   -0.069936
INT_CHAIN_PAIR_LOG: ASN   -0.023075    0.68266   -0.37089   -0.012203    0.043061    0.061667    0.44656    0.3109   -0.022724    0.49433    0.42117   -0.20257   -0.034048   -0.099476    0.10959   -0.20991   -0.11009    0.32563    0.22462    0.12634
INT_CHAIN_PAIR_LOG: PRO    0.060592   -0.081788    0.29479    0.015772   -0.15011   -0.0037114    0.21204    0.049958    0.13246    0.18391    0.0677   -0.034048    0.46418   -0.14135    0.1429   -0.012131   -0.10673    0.13896   -0.50293   -0.32578
INT_CHAIN_PAIR_LOG: GLN   -0.12274    0.18392   -0.08793    0.14804    0.0048578   -0.056795   -0.11096    0.38739   -0.25114    0.12816    0.261   -0.099476   -0.14135    0.0021447   -0.073757    0.05402    0.15074    0.01565    0.20263    0.35582
INT_CHAIN_PAIR_LOG: ARG   -0.19042    0.22707   -0.52733   -0.44764    0.097578   -0.15136   -0.063367    0.36564    0.44774    0.057278    0.32519    0.10959    0.1429   -0.073757    0.31204    0.18181    0.31157    0.22213   -0.31264   -0.091189
INT_CHAIN_PAIR_LOG: SER    0.070297   -0.21305   -0.36244   -0.21427    0.30239    0.050491    0.083807    0.34787    0.0037438    0.24937    0.28361   -0.20991   -0.012131    0.05402    0.18181    0.14826   -0.075028    0.26296    0.0028925    0.089095
INT_CHAIN_PAIR_LOG: THR    0.068864    0.28787   -0.17997   -0.040734    0.11279   -0.18949    0.091799    0.063102    0.16668    0.21504    0.32501   -0.11009   -0.10673    0.15074    0.31157   -0.075028    0.20052    0.0062647    0.087647    0.14296
INT_CHAIN_PAIR_LOG: VAL   -0.053325    0.058537    0.30958    0.31067    0.0037365    0.26143    0.22656   -0.18799    0.17993   -0.23683   -0.054204    0.32563    0.13896    0.01565    0.22213    0.26296    0.0062647   -0.028047    0.74755    0.081633
INT_CHAIN_PAIR_LOG: TRP    0.18871    0.020291    0.24473    1.3069   -0.17895   -0.093559   -0.23539   -0.1871    0.023607   -0.025177   -0.065648    0.22462   -0.50293    0.20263   -0.31264    0.0028925    0.087647    0.74755   -0.14348   -0.094873
INT_CHAIN_PAIR_LOG: TYR    0.17504    0.030066    0.2907    0.13096   -0.16635    0.0077413   -0.14667   -0.086002   -0.111    0.11079   -0.069936    0.12634   -0.32578    0.35582   -0.091189    0.089095    0.14296    0.081633   -0.094873    0.20933
