MEM_PAIR_LOG: 1 1 ALA   -0.16170    0.37930    0.29350    0.30700   -0.08640   -0.12910    0.23650   -0.17850    0.13600   -0.05040   -0.05610    0.10930    0.18350    0.30030    0.38190    0.15900   -0.00500   -0.26220    0.11630    0.03990 
MEM_PAIR_LOG: 1 1 CYS    0.37930   -2.04170    0.75000    0.75000    0.37130    0.13480   -0.30180    0.07260   -0.28940    0.21790    0.02470    0.11440   -0.56820    0.75000    0.26360    0.66160    0.15990    0.06330    0.29060    0.50220 
MEM_PAIR_LOG: 1 1 ASP    0.29350    0.75000    0.18080   -0.17400    0.75000   -0.00180    0.04570    0.38910   -0.75000    0.22850    0.16320   -0.42830   -0.01350   -0.24830   -0.75000   -0.59040   -0.27160    0.39440    0.75000    0.68010 
MEM_PAIR_LOG: 1 1 GLU    0.30700    0.75000   -0.17400    0.19240    0.22710    0.11080   -0.04160    0.24370   -0.56700    0.09000   -0.04040   -0.17330   -0.18490   -0.10000   -0.58800   -0.34330   -0.18260    0.38020    0.14820   -0.03280 
MEM_PAIR_LOG: 1 1 PHE   -0.08640    0.37130    0.75000    0.22710   -0.25120    0.10020    0.11950   -0.21540    0.57500   -0.12460   -0.45250    0.26620   -0.09510    0.07850    0.27650    0.16960    0.37890   -0.14130   -0.23160    0.03630 
MEM_PAIR_LOG: 1 1 GLY   -0.12910    0.13480   -0.00180    0.11080    0.10020   -0.30200   -0.19940    0.24320    0.03960    0.25760    0.27800   -0.22300   -0.16160   -0.04110    0.13250   -0.26400   -0.28310    0.25060    0.29990    0.01920 
MEM_PAIR_LOG: 1 1 HIS    0.23650   -0.30180    0.04570   -0.04160    0.11950   -0.19940   -0.44050   -0.04820    0.23480   -0.05040    0.02820   -0.09470    0.07820    0.23680    0.00020    0.01590   -0.32330    0.02040    0.24000    0.54930 
MEM_PAIR_LOG: 1 1 ILE   -0.17850    0.07260    0.38910    0.24370   -0.21540    0.24320   -0.04820   -0.29860    0.05620   -0.13410    0.08220    0.27530    0.57610    0.25610    0.14110    0.18020    0.17640   -0.15190   -0.34160    0.03130 
MEM_PAIR_LOG: 1 1 LYS    0.13600   -0.28940   -0.75000   -0.56700    0.57500    0.03960    0.23480    0.05620    0.06530    0.29490    0.43450   -0.12310   -0.39130    0.06840    0.27270   -0.15550    0.02830    0.23880   -0.42320    0.03170 
MEM_PAIR_LOG: 1 1 LEU   -0.05040    0.21790    0.22850    0.09000   -0.12460    0.25760   -0.05040   -0.13410    0.29490   -0.22220   -0.07240    0.07170    0.27410    0.14380   -0.05220    0.19830    0.11590   -0.10390    0.11230   -0.14680 
MEM_PAIR_LOG: 1 1 MET   -0.05610    0.02470    0.16320   -0.04040   -0.45250    0.27800    0.02820    0.08220    0.43450   -0.07240   -0.16060   -0.01850   -0.00210   -0.07520    0.36380    0.06920    0.09640    0.08880   -0.23780   -0.09870 
MEM_PAIR_LOG: 1 1 ASN    0.10930    0.11440   -0.42830   -0.17330    0.26620   -0.22300   -0.09470    0.27530   -0.12310    0.07170   -0.01850   -0.49290   -0.00030   -0.35400   -0.02960   -0.15220   -0.01390    0.62790   -0.18820    0.11580 
MEM_PAIR_LOG: 1 1 PRO    0.18350   -0.56820   -0.01350   -0.18490   -0.09510   -0.16160    0.07820    0.57610   -0.39130    0.27410   -0.00210   -0.00030    0.11180   -0.32280    0.43530   -0.06490    0.24970    0.36350   -0.56660   -0.65100 
MEM_PAIR_LOG: 1 1 GLN    0.30030    0.75000   -0.24830   -0.10000    0.07850   -0.04110    0.23680    0.25610    0.06840    0.14380   -0.07520   -0.35400   -0.32280   -0.48810   -0.36200   -0.12630   -0.21620    0.22510    0.61320   -0.18430 
MEM_PAIR_LOG: 1 1 ARG    0.38190    0.26360   -0.75000   -0.58800    0.27650    0.13250    0.00020    0.14110    0.27270   -0.05220    0.36380   -0.02960    0.43530   -0.36200   -0.25360   -0.09590    0.11710   -0.05560    0.23620   -0.06180 
MEM_PAIR_LOG: 1 1 SER    0.15900    0.66160   -0.59040   -0.34330    0.16960   -0.26400    0.01590    0.18020   -0.15550    0.19830    0.06920   -0.15220   -0.06490   -0.12630   -0.09590   -0.08070   -0.24590    0.20600    0.30490    0.22550 
MEM_PAIR_LOG: 1 1 THR   -0.00500    0.15990   -0.27160   -0.18260    0.37890   -0.28310   -0.32330    0.17640    0.02830    0.11590    0.09640   -0.01390    0.24970   -0.21620    0.11710   -0.24590   -0.10650    0.05360   -0.15320    0.34410 
MEM_PAIR_LOG: 1 1 VAL   -0.26220    0.06330    0.39440    0.38020   -0.14130    0.25060    0.02040   -0.15190    0.23880   -0.10390    0.08880    0.62790    0.36350    0.22510   -0.05560    0.20600    0.05360   -0.36840    0.18420    0.05210 
MEM_PAIR_LOG: 1 1 TRP    0.11630    0.29060    0.75000    0.14820   -0.23160    0.29990    0.24000   -0.34160   -0.42320    0.11230   -0.23780   -0.18820   -0.56660    0.61320    0.23620    0.30490   -0.15320    0.18420   -0.51770    0.23850 
MEM_PAIR_LOG: 1 1 TYR    0.03990    0.50220    0.68010   -0.03280    0.03630    0.01920    0.54930    0.03130    0.03170   -0.14680   -0.09870    0.11580   -0.65100   -0.18430   -0.06180    0.22550    0.34410    0.05210    0.23850   -0.28090 
MEM_PAIR_LOG: 1 2 ALA   -0.13690   -0.16020    0.14710    0.12800   -0.13470   -0.11000   -0.10400    0.05000    0.18700    0.02890   -0.01300    0.14580    0.13900    0.05500    0.14840   -0.04530   -0.03080   -0.05920   -0.10660    0.16720 
MEM_PAIR_LOG: 1 2 CYS   -0.16020   -1.39370    0.75000    0.75000   -0.01350   -0.12010    0.75000   -0.04960   -0.20530    0.21950   -0.05490    0.31790   -0.23730    0.35470    0.33830    0.11580    0.04210   -0.11540   -0.22860    0.20400 
MEM_PAIR_LOG: 1 2 ASP    0.14710    0.75000   -0.34980   -0.15820    0.63120   -0.06520   -0.46310    0.30860   -0.57840    0.35920    0.33330   -0.18090   -0.12360   -0.26200   -0.59720   -0.06040   -0.18320    0.31700    0.29010   -0.16810 
MEM_PAIR_LOG: 1 2 GLU    0.12800    0.75000   -0.15820   -0.20710    0.35070    0.02290   -0.47600    0.35360   -0.72130    0.25680    0.36060   -0.06220   -0.05320   -0.21590   -0.58970   -0.18360   -0.10170    0.35960    0.11740    0.02740 
MEM_PAIR_LOG: 1 2 PHE   -0.13470   -0.01350    0.63120    0.35070   -0.27860    0.12290    0.27200   -0.21040    0.48880   -0.13480   -0.03270    0.21420    0.07360    0.18450    0.34860    0.01190    0.00980   -0.07740   -0.26190   -0.07770 
MEM_PAIR_LOG: 1 2 GLY   -0.11000   -0.12010   -0.06520    0.02290    0.12290   -0.27260   -0.12200    0.27520    0.05900    0.23070    0.07850   -0.05550    0.09510   -0.03700   -0.16060   -0.16010   -0.03010    0.07790   -0.05930   -0.00290 
MEM_PAIR_LOG: 1 2 HIS   -0.10400    0.75000   -0.46310   -0.47600    0.27200   -0.12200   -0.75000    0.50950    0.10220    0.29530   -0.08830   -0.00120    0.06990   -0.08730    0.10720    0.03360   -0.07060    0.29000   -0.27810   -0.10670 
MEM_PAIR_LOG: 1 2 ILE    0.05000   -0.04960    0.30860    0.35360   -0.21040    0.27520    0.50950   -0.38690    0.23740   -0.34190   -0.12460    0.44590    0.20490    0.43530    0.28680    0.24480    0.01850   -0.24330    0.13790    0.19680 
MEM_PAIR_LOG: 1 2 LYS    0.18700   -0.20530   -0.57840   -0.72130    0.48880    0.05900    0.10220    0.23740   -0.19500    0.29460    0.22140   -0.27490   -0.09190   -0.17140   -0.06930   -0.15950   -0.13060    0.11810    0.26680    0.30110 
MEM_PAIR_LOG: 1 2 LEU    0.02890    0.21950    0.35920    0.25680   -0.13480    0.23070    0.29530   -0.34190    0.29460   -0.32720   -0.21640    0.32520    0.20620    0.16740    0.15970    0.22200    0.17280   -0.20070    0.36040   -0.00860 
MEM_PAIR_LOG: 1 2 MET   -0.01300   -0.05490    0.33330    0.36060   -0.03270    0.07850   -0.08830   -0.12460    0.22140   -0.21640   -0.25450    0.08660    0.01440    0.13920    0.29330    0.18040    0.07520   -0.04590   -0.21840   -0.04180 
MEM_PAIR_LOG: 1 2 ASN    0.14580    0.31790   -0.18090   -0.06220    0.21420   -0.05550   -0.00120    0.44590   -0.27490    0.32520    0.08660   -0.64150   -0.23300   -0.29960   -0.17980   -0.35640   -0.05780    0.29500    0.13730    0.02080 
MEM_PAIR_LOG: 1 2 PRO    0.13900   -0.23730   -0.12360   -0.05320    0.07360    0.09510    0.06990    0.20490   -0.09190    0.20620    0.01440   -0.23300   -0.26400   -0.33810    0.18040    0.01800   -0.02090    0.11020   -0.36560   -0.29370 
MEM_PAIR_LOG: 1 2 GLN    0.05500    0.35470   -0.26200   -0.21590    0.18450   -0.03700   -0.08730    0.43530   -0.17140    0.16740    0.13920   -0.29960   -0.33810   -0.47160   -0.13090   -0.12810    0.03480    0.24710    0.28870   -0.05660 
MEM_PAIR_LOG: 1 2 ARG    0.14840    0.33830   -0.59720   -0.58970    0.34860   -0.16060    0.10720    0.28680   -0.06930    0.15970    0.29330   -0.17980    0.18040   -0.13090   -0.31540   -0.12530   -0.08320    0.21330    0.39810    0.02840 
MEM_PAIR_LOG: 1 2 SER   -0.04530    0.11580   -0.06040   -0.18360    0.01190   -0.16010    0.03360    0.24480   -0.15950    0.22200    0.18040   -0.35640    0.01800   -0.12810   -0.12530   -0.20190    0.02160    0.29570   -0.01380   -0.04530 
MEM_PAIR_LOG: 1 2 THR   -0.03080    0.04210   -0.18320   -0.10170    0.00980   -0.03010   -0.07060    0.01850   -0.13060    0.17280    0.07520   -0.05780   -0.02090    0.03480   -0.08320    0.02160   -0.08720    0.07640   -0.14020    0.12850 
MEM_PAIR_LOG: 1 2 VAL   -0.05920   -0.11540    0.31700    0.35960   -0.07740    0.07790    0.29000   -0.24330    0.11810   -0.20070   -0.04590    0.29500    0.11020    0.24710    0.21330    0.29570    0.07640   -0.33060    0.28410    0.09210 
MEM_PAIR_LOG: 1 2 TRP   -0.10660   -0.22860    0.29010    0.11740   -0.26190   -0.05930   -0.27810    0.13790    0.26680    0.36040   -0.21840    0.13730   -0.36560    0.28870    0.39810   -0.01380   -0.14020    0.28410   -0.32170   -0.38650 
MEM_PAIR_LOG: 1 2 TYR    0.16720    0.20400   -0.16810    0.02740   -0.07770   -0.00290   -0.10670    0.19680    0.30110   -0.00860   -0.04180    0.02080   -0.29370   -0.05660    0.02840   -0.04530    0.12850    0.09210   -0.38650   -0.18280 
MEM_PAIR_LOG: 1 3 ALA   -0.02980   -0.01150    0.03410    0.01460    0.00480   -0.02050    0.02130   -0.00840    0.00630   -0.02420    0.02200    0.01820    0.03890   -0.00670    0.01290    0.01920   -0.00680   -0.02990    0.09090    0.04790 
MEM_PAIR_LOG: 1 3 CYS   -0.01150   -0.24020    0.08960    0.10280    0.02420    0.03000    0.06660   -0.03530   -0.02230    0.02620   -0.07610   -0.02040   -0.02020    0.11390    0.07370    0.02520   -0.01250   -0.02710   -0.06920    0.01550 
MEM_PAIR_LOG: 1 3 ASP    0.03410    0.08960   -0.10500   -0.06850    0.10270   -0.01050   -0.02350    0.06820   -0.10390    0.04450    0.00760   -0.06280   -0.04120   -0.04480   -0.08490    0.02110    0.00130    0.03010    0.03870    0.01510 
MEM_PAIR_LOG: 1 3 GLU    0.01460    0.10280   -0.06850   -0.12480    0.09560    0.01020    0.01790    0.04130   -0.11520    0.03060    0.06010    0.01280   -0.01500   -0.07280   -0.09620    0.01850    0.00590    0.02070    0.10300   -0.01850 
MEM_PAIR_LOG: 1 3 PHE    0.00480    0.02420    0.10270    0.09560   -0.05160   -0.00970    0.00920   -0.04370    0.07240   -0.01870   -0.02400    0.03240    0.02170    0.02860    0.08020   -0.02710   -0.00730    0.00980   -0.06290   -0.05150 
MEM_PAIR_LOG: 1 3 GLY   -0.02050    0.03000   -0.01050    0.01020   -0.00970   -0.01950   -0.00380    0.01850    0.02500    0.00180    0.00830    0.00330    0.00340    0.00410    0.00330    0.00810    0.00310    0.00640   -0.02510    0.00110 
MEM_PAIR_LOG: 1 3 HIS    0.02130    0.06660   -0.02350    0.01790    0.00920   -0.00380   -0.17930    0.03230    0.04990    0.05510   -0.02820   -0.01290    0.01160   -0.06120   -0.05320    0.00130    0.00160    0.01850   -0.06150   -0.01480 
MEM_PAIR_LOG: 1 3 ILE   -0.00840   -0.03530    0.06820    0.04130   -0.04370    0.01850    0.03230   -0.05420    0.02830   -0.03110   -0.05340    0.04560    0.03070    0.05840    0.04670    0.00560    0.01610   -0.02090    0.03040    0.01230 
MEM_PAIR_LOG: 1 3 LYS    0.00630   -0.02230   -0.10390   -0.11520    0.07240    0.02500    0.04990    0.02830   -0.09700    0.04350    0.04490   -0.06020    0.01550   -0.05820   -0.03200    0.00530    0.02990    0.00840    0.08600   -0.00360 
MEM_PAIR_LOG: 1 3 LEU   -0.02420    0.02620    0.04450    0.03060   -0.01870    0.00180    0.05510   -0.03110    0.04350   -0.04220    0.02160    0.03600    0.01650    0.02950    0.01710   -0.00340    0.01250   -0.01840    0.00320    0.03280 
MEM_PAIR_LOG: 1 3 MET    0.02200   -0.07610    0.00760    0.06010   -0.02400    0.00830   -0.02820   -0.05340    0.04490    0.02160   -0.04230    0.03200    0.01320    0.01840    0.02770    0.00040    0.00470   -0.01320   -0.00490   -0.03100 
MEM_PAIR_LOG: 1 3 ASN    0.01820   -0.02040   -0.06280    0.01280    0.03240    0.00330   -0.01290    0.04560   -0.06020    0.03600    0.03200   -0.05350   -0.02630   -0.01680   -0.04350   -0.03170   -0.02640    0.06270    0.01680   -0.03390 
MEM_PAIR_LOG: 1 3 PRO    0.03890   -0.02020   -0.04120   -0.01500    0.02170    0.00340    0.01160    0.03070    0.01550    0.01650    0.01320   -0.02630   -0.08500   -0.01990    0.00370   -0.01230    0.01700    0.00830   -0.05040   -0.01000 
MEM_PAIR_LOG: 1 3 GLN   -0.00670    0.11390   -0.04480   -0.07280    0.02860    0.00410   -0.06120    0.05840   -0.05820    0.02950    0.01840   -0.01680   -0.01990   -0.05130   -0.01580   -0.03780   -0.01670    0.03960    0.08220    0.02860 
MEM_PAIR_LOG: 1 3 ARG    0.01290    0.07370   -0.08490   -0.09620    0.08020    0.00330   -0.05320    0.04670   -0.03200    0.01710    0.02770   -0.04350    0.00370   -0.01580   -0.03620   -0.00610   -0.01520    0.04160   -0.00240   -0.00090 
MEM_PAIR_LOG: 1 3 SER    0.01920    0.02520    0.02110    0.01850   -0.02710    0.00810    0.00130    0.00560    0.00530   -0.00340    0.00040   -0.03170   -0.01230   -0.03780   -0.00610   -0.01270    0.00270    0.02930   -0.04480   -0.00840 
MEM_PAIR_LOG: 1 3 THR   -0.00680   -0.01250    0.00130    0.00590   -0.00730    0.00310    0.00160    0.01610    0.02990    0.01250    0.00470   -0.02640    0.01700   -0.01670   -0.01520    0.00270   -0.02470   -0.01090    0.00050    0.02080 
MEM_PAIR_LOG: 1 3 VAL   -0.02990   -0.02710    0.03010    0.02070    0.00980    0.00640    0.01850   -0.02090    0.00840   -0.01840   -0.01320    0.06270    0.00830    0.03960    0.04160    0.02930   -0.01090   -0.03810    0.02930    0.00760 
MEM_PAIR_LOG: 1 3 TRP    0.09090   -0.06920    0.03870    0.10300   -0.06290   -0.02510   -0.06150    0.03040    0.08600    0.00320   -0.00490    0.01680   -0.05040    0.08220   -0.00240   -0.04480    0.00050    0.02930   -0.03440   -0.10960 
MEM_PAIR_LOG: 1 3 TYR    0.04790    0.01550    0.01510   -0.01850   -0.05150    0.00110   -0.01480    0.01230   -0.00360    0.03280   -0.03100   -0.03390   -0.01000    0.02860   -0.00090   -0.00840    0.02080    0.00760   -0.10960   -0.01870 
MEM_PAIR_LOG: 1 4 ALA   -0.01660    0.02270   -0.00590   -0.00720    0.00160   -0.00040   -0.00480    0.01270    0.00320   -0.00370    0.00510    0.00810    0.00500    0.00010   -0.00250    0.00510   -0.00090   -0.00650    0.01000    0.01510 
MEM_PAIR_LOG: 1 4 CYS    0.02270   -0.23660    0.02990    0.05200    0.03800    0.03160   -0.05250    0.00410   -0.06060    0.00340   -0.01110    0.00280   -0.02470    0.01260    0.00830    0.04680    0.02260   -0.00140    0.01470   -0.01390 
MEM_PAIR_LOG: 1 4 ASP   -0.00590    0.02990   -0.05300   -0.03100    0.04270   -0.00150    0.00860    0.01150   -0.02420    0.02240   -0.00200    0.00710   -0.01080   -0.01320   -0.01440   -0.00460   -0.00460    0.00730    0.03110   -0.00110 
MEM_PAIR_LOG: 1 4 GLU   -0.00720    0.05200   -0.03100   -0.04110    0.04990    0.01240   -0.00920    0.00680   -0.01860   -0.00070    0.00880   -0.01600   -0.00200   -0.01800   -0.02670    0.00560   -0.00060    0.01130    0.03560    0.00470 
MEM_PAIR_LOG: 1 4 PHE    0.00160    0.03800    0.04270    0.04990   -0.03830   -0.01360    0.01100   -0.01890    0.05400   -0.01560   -0.02970    0.00710    0.00720    0.02710    0.02990    0.00850    0.00180   -0.00250   -0.02860   -0.00760 
MEM_PAIR_LOG: 1 4 GLY   -0.00040    0.03160   -0.00150    0.01240   -0.01360   -0.01560   -0.01720    0.00770   -0.00110    0.00850    0.00650   -0.00010   -0.01780    0.00630    0.00880    0.00140    0.00410    0.00890   -0.01070   -0.01190 
MEM_PAIR_LOG: 1 4 HIS   -0.00480   -0.05250    0.00860   -0.00920    0.01100   -0.01720   -0.10160    0.02900    0.06710    0.02240    0.01730    0.00180    0.03570    0.00140   -0.01120   -0.02060    0.00020    0.01520   -0.03810   -0.03120 
MEM_PAIR_LOG: 1 4 ILE    0.01270    0.00410    0.01150    0.00680   -0.01890    0.00770    0.02900   -0.02660    0.00600   -0.00230   -0.01340   -0.00280    0.02090    0.00140   -0.00190   -0.00800    0.00340   -0.00070   -0.01180    0.00990 
MEM_PAIR_LOG: 1 4 LYS    0.00320   -0.06060   -0.02420   -0.01860    0.05400   -0.00110    0.06710    0.00600   -0.06640    0.00740    0.00970   -0.00980   -0.00460   -0.01080   -0.02620    0.01270    0.00440   -0.00420    0.00860    0.03340 
MEM_PAIR_LOG: 1 4 LEU   -0.00370    0.00340    0.02240   -0.00070   -0.01560    0.00850    0.02240   -0.00230    0.00740   -0.01460   -0.00150    0.01580    0.01610    0.00300   -0.01000    0.00560   -0.00270   -0.00300    0.00100   -0.00110 
MEM_PAIR_LOG: 1 4 MET    0.00510   -0.01110   -0.00200    0.00880   -0.02970    0.00650    0.01730   -0.01340    0.00970   -0.00150   -0.00640    0.00480    0.00290    0.02760    0.01660    0.00760    0.00130    0.00580   -0.04970   -0.00110 
MEM_PAIR_LOG: 1 4 ASN    0.00810    0.00280    0.00710   -0.01600    0.00710   -0.00010    0.00180   -0.00280   -0.00980    0.01580    0.00480   -0.01390   -0.02260    0.00850   -0.00140   -0.01140   -0.00380    0.01510   -0.01340   -0.01120 
MEM_PAIR_LOG: 1 4 PRO    0.00500   -0.02470   -0.01080   -0.00200    0.00720   -0.01780    0.03570    0.02090   -0.00460    0.01610    0.00290   -0.02260   -0.04240    0.00570    0.00730   -0.01620   -0.00250    0.02150    0.00970   -0.00580 
MEM_PAIR_LOG: 1 4 GLN    0.00010    0.01260   -0.01320   -0.01800    0.02710    0.00630    0.00140    0.00140   -0.01080    0.00300    0.02760    0.00850    0.00570   -0.05610    0.01450   -0.01050   -0.00110   -0.01320    0.05070   -0.00830 
MEM_PAIR_LOG: 1 4 ARG   -0.00250    0.00830   -0.01440   -0.02670    0.02990    0.00880   -0.01120   -0.00190   -0.02620   -0.01000    0.01660   -0.00140    0.00730    0.01450   -0.05410    0.02010    0.01110   -0.00590    0.07150    0.02080 
MEM_PAIR_LOG: 1 4 SER    0.00510    0.04680   -0.00460    0.00560    0.00850    0.00140   -0.02060   -0.00800    0.01270    0.00560    0.00760   -0.01140   -0.01620   -0.01050    0.02010   -0.01940   -0.01060    0.00460    0.02210   -0.00580 
MEM_PAIR_LOG: 1 4 THR   -0.00090    0.02260   -0.00460   -0.00060    0.00180    0.00410    0.00020    0.00340    0.00440   -0.00270    0.00130   -0.00380   -0.00250   -0.00110    0.01110   -0.01060   -0.00230    0.00330   -0.00990   -0.00250 
MEM_PAIR_LOG: 1 4 VAL   -0.00650   -0.00140    0.00730    0.01130   -0.00250    0.00890    0.01520   -0.00070   -0.00420   -0.00300    0.00580    0.01510    0.02150   -0.01320   -0.00590    0.00460    0.00330   -0.02590    0.00410    0.00420 
MEM_PAIR_LOG: 1 4 TRP    0.01000    0.01470    0.03110    0.03560   -0.02860   -0.01070   -0.03810   -0.01180    0.00860    0.00100   -0.04970   -0.01340    0.00970    0.05070    0.07150    0.02210   -0.00990    0.00410   -0.06390   -0.01430 
MEM_PAIR_LOG: 1 4 TYR    0.01510   -0.01390   -0.00110    0.00470   -0.00760   -0.01190   -0.03120    0.00990    0.03340   -0.00110   -0.00110   -0.01120   -0.00580   -0.00830    0.02080   -0.00580   -0.00250    0.00420   -0.01430   -0.00000 
MEM_PAIR_LOG: 1 5 ALA    0.00000    0.00000    0.00000    0.00000    0.00000    0.00000    0.00000    0.00000    0.00000    0.00000    0.00000    0.00000    0.00000    0.00000    0.00000    0.00000    0.00000    0.00000    0.00000    0.00000 
MEM_PAIR_LOG: 1 5 CYS    0.00000    0.00000    0.00000    0.00000    0.00000    0.00000    0.00000    0.00000    0.00000    0.00000    0.00000    0.00000    0.00000    0.00000    0.00000    0.00000    0.00000    0.00000    0.00000    0.00000 
MEM_PAIR_LOG: 1 5 ASP    0.00000    0.00000    0.00000    0.00000    0.00000    0.00000    0.00000    0.00000    0.00000    0.00000    0.00000    0.00000    0.00000    0.00000    0.00000    0.00000    0.00000    0.00000    0.00000    0.00000 
MEM_PAIR_LOG: 1 5 GLU    0.00000    0.00000    0.00000    0.00000    0.00000    0.00000    0.00000    0.00000    0.00000    0.00000    0.00000    0.00000    0.00000    0.00000    0.00000    0.00000    0.00000    0.00000    0.00000    0.00000 
MEM_PAIR_LOG: 1 5 PHE    0.00000    0.00000    0.00000    0.00000    0.00000    0.00000    0.00000    0.00000    0.00000    0.00000    0.00000    0.00000    0.00000    0.00000    0.00000    0.00000    0.00000    0.00000    0.00000    0.00000 
MEM_PAIR_LOG: 1 5 GLY    0.00000    0.00000    0.00000    0.00000    0.00000    0.00000    0.00000    0.00000    0.00000    0.00000    0.00000    0.00000    0.00000    0.00000    0.00000    0.00000    0.00000    0.00000    0.00000    0.00000 
MEM_PAIR_LOG: 1 5 HIS    0.00000    0.00000    0.00000    0.00000    0.00000    0.00000    0.00000    0.00000    0.00000    0.00000    0.00000    0.00000    0.00000    0.00000    0.00000    0.00000    0.00000    0.00000    0.00000    0.00000 
MEM_PAIR_LOG: 1 5 ILE    0.00000    0.00000    0.00000    0.00000    0.00000    0.00000    0.00000    0.00000    0.00000    0.00000    0.00000    0.00000    0.00000    0.00000    0.00000    0.00000    0.00000    0.00000    0.00000    0.00000 
MEM_PAIR_LOG: 1 5 LYS    0.00000    0.00000    0.00000    0.00000    0.00000    0.00000    0.00000    0.00000    0.00000    0.00000    0.00000    0.00000    0.00000    0.00000    0.00000    0.00000    0.00000    0.00000    0.00000    0.00000 
MEM_PAIR_LOG: 1 5 LEU    0.00000    0.00000    0.00000    0.00000    0.00000    0.00000    0.00000    0.00000    0.00000    0.00000    0.00000    0.00000    0.00000    0.00000    0.00000    0.00000    0.00000    0.00000    0.00000    0.00000 
MEM_PAIR_LOG: 1 5 MET    0.00000    0.00000    0.00000    0.00000    0.00000    0.00000    0.00000    0.00000    0.00000    0.00000    0.00000    0.00000    0.00000    0.00000    0.00000    0.00000    0.00000    0.00000    0.00000    0.00000 
MEM_PAIR_LOG: 1 5 ASN    0.00000    0.00000    0.00000    0.00000    0.00000    0.00000    0.00000    0.00000    0.00000    0.00000    0.00000    0.00000    0.00000    0.00000    0.00000    0.00000    0.00000    0.00000    0.00000    0.00000 
MEM_PAIR_LOG: 1 5 PRO    0.00000    0.00000    0.00000    0.00000    0.00000    0.00000    0.00000    0.00000    0.00000    0.00000    0.00000    0.00000    0.00000    0.00000    0.00000    0.00000    0.00000    0.00000    0.00000    0.00000 
MEM_PAIR_LOG: 1 5 GLN    0.00000    0.00000    0.00000    0.00000    0.00000    0.00000    0.00000    0.00000    0.00000    0.00000    0.00000    0.00000    0.00000    0.00000    0.00000    0.00000    0.00000    0.00000    0.00000    0.00000 
MEM_PAIR_LOG: 1 5 ARG    0.00000    0.00000    0.00000    0.00000    0.00000    0.00000    0.00000    0.00000    0.00000    0.00000    0.00000    0.00000    0.00000    0.00000    0.00000    0.00000    0.00000    0.00000    0.00000    0.00000 
MEM_PAIR_LOG: 1 5 SER    0.00000    0.00000    0.00000    0.00000    0.00000    0.00000    0.00000    0.00000    0.00000    0.00000    0.00000    0.00000    0.00000    0.00000    0.00000    0.00000    0.00000    0.00000    0.00000    0.00000 
MEM_PAIR_LOG: 1 5 THR    0.00000    0.00000    0.00000    0.00000    0.00000    0.00000    0.00000    0.00000    0.00000    0.00000    0.00000    0.00000    0.00000    0.00000    0.00000    0.00000    0.00000    0.00000    0.00000    0.00000 
MEM_PAIR_LOG: 1 5 VAL    0.00000    0.00000    0.00000    0.00000    0.00000    0.00000    0.00000    0.00000    0.00000    0.00000    0.00000    0.00000    0.00000    0.00000    0.00000    0.00000    0.00000    0.00000    0.00000    0.00000 
MEM_PAIR_LOG: 1 5 TRP    0.00000    0.00000    0.00000    0.00000    0.00000    0.00000    0.00000    0.00000    0.00000    0.00000    0.00000    0.00000    0.00000    0.00000    0.00000    0.00000    0.00000    0.00000    0.00000    0.00000 
MEM_PAIR_LOG: 1 5 TYR    0.00000    0.00000    0.00000    0.00000    0.00000    0.00000    0.00000    0.00000    0.00000    0.00000    0.00000    0.00000    0.00000    0.00000    0.00000    0.00000    0.00000    0.00000    0.00000    0.00000 
MEM_PAIR_LOG: 2 1 ALA   -0.08310    0.10540    0.29590   -0.16840    0.14640    0.06270    0.75000   -0.06480   -0.35840    0.00090    0.00850    0.09960   -0.02780   -0.08940    0.61360    0.05470    0.01990   -0.22530    0.10010    0.02620 
MEM_PAIR_LOG: 2 1 CYS    0.10540   -1.46970   -0.20900   -0.28740   -0.49310    0.01650    0.34450    0.27320    0.75000    0.06630   -0.22950    0.05840    0.55070    0.45890    0.75000    0.26020   -0.04120    0.19670    0.13530    0.75000 
MEM_PAIR_LOG: 2 1 ASP    0.29590   -0.20900    0.74850   -0.11130    0.69180    0.51060   -0.39320    0.05730   -0.75000    0.00250    0.11810   -0.74950   -0.75000   -0.02360   -0.61830   -0.18880   -0.51360   -0.00500    0.75000    0.75000 
MEM_PAIR_LOG: 2 1 GLU   -0.16840   -0.28740   -0.11130   -0.32510    0.12410    0.03530    0.30330    0.20150   -0.75000    0.51110    0.37000    0.75000   -0.75000   -0.63380   -0.75000    0.39260    0.10270    0.37020    0.49730   -0.75000 
MEM_PAIR_LOG: 2 1 PHE    0.14640   -0.49310    0.69180    0.12410   -0.11000   -0.07330   -0.24700    0.02090   -0.12410   -0.18250   -0.24310    0.58770    0.60050   -0.37260    0.38080    0.22260    0.26100    0.12000   -0.01900   -0.14800 
MEM_PAIR_LOG: 2 1 GLY    0.06270    0.01650    0.51060    0.03530   -0.07330   -0.15300   -0.59600    0.11890    0.75000    0.10960    0.00250    0.10130   -0.03750    0.13740    0.20280    0.01770    0.15210   -0.01810    0.17540   -0.56460 
MEM_PAIR_LOG: 2 1 HIS    0.75000    0.34450   -0.39320    0.30330   -0.24700   -0.59600   -0.19990    0.53290    0.75000   -0.16420    0.75000    0.75000    0.75000    0.75000   -0.35340    0.01080   -0.66050    0.44240   -0.75000   -0.22480 
MEM_PAIR_LOG: 2 1 ILE   -0.06480    0.27320    0.05730    0.20150    0.02090    0.11890    0.53290   -0.22510    0.27620   -0.13010   -0.04630    0.11230    0.41710    0.49550    0.34960   -0.04050   -0.07170    0.00030    0.00370    0.44420 
MEM_PAIR_LOG: 2 1 LYS   -0.35840    0.75000   -0.75000   -0.75000   -0.12410    0.75000    0.75000    0.27620   -0.03000    0.68840    0.17980   -0.61460   -0.40840   -0.75000   -0.48490    0.36370    0.03080    0.03820   -0.75000   -0.41380 
MEM_PAIR_LOG: 2 1 LEU    0.00090    0.06630    0.00250    0.51110   -0.18250    0.10960   -0.16420   -0.13010    0.68840   -0.14790    0.03550    0.20420    0.51270    0.51850    0.10740    0.05010    0.10410   -0.07750    0.18050    0.19460 
MEM_PAIR_LOG: 2 1 MET    0.00850   -0.22950    0.11810    0.37000   -0.24310    0.00250    0.75000   -0.04630    0.17980    0.03550   -0.46540   -0.21270   -0.07000    0.44270    0.75000    0.15530    0.32030   -0.03100   -0.28830    0.12650 
MEM_PAIR_LOG: 2 1 ASN    0.09960    0.05840   -0.74950    0.75000    0.58770    0.10130    0.75000    0.11230   -0.61460    0.20420   -0.21270   -0.75000   -0.36230   -0.44710    0.13620   -0.24740   -0.17660    0.08280    0.75000    0.02630 
MEM_PAIR_LOG: 2 1 PRO   -0.02780    0.55070   -0.75000   -0.75000    0.60050   -0.03750    0.75000    0.41710   -0.40840    0.51270   -0.07000   -0.36230   -0.75000   -0.75000    0.24250   -0.34840   -0.35800    0.45920    0.36370    0.38050 
MEM_PAIR_LOG: 2 1 GLN   -0.08940    0.45890   -0.02360   -0.63380   -0.37260    0.13740    0.75000    0.49550   -0.75000    0.51850    0.44270   -0.44710   -0.75000   -0.53600   -0.75000   -0.32830   -0.26610    0.73690    0.28560   -0.08540 
MEM_PAIR_LOG: 2 1 ARG    0.61360    0.75000   -0.61830   -0.75000    0.38080    0.20280   -0.35340    0.34960   -0.48490    0.10740    0.75000    0.13620    0.24250   -0.75000   -0.75000   -0.26220    0.56490    0.03720   -0.75000   -0.39250 
MEM_PAIR_LOG: 2 1 SER    0.05470    0.26020   -0.18880    0.39260    0.22260    0.01770    0.01080   -0.04050    0.36370    0.05010    0.15530   -0.24740   -0.34840   -0.32830   -0.26220   -0.17140   -0.11890    0.01260   -0.01530    0.08550 
MEM_PAIR_LOG: 2 1 THR    0.01990   -0.04120   -0.51360    0.10270    0.26100    0.15210   -0.66050   -0.07170    0.03080    0.10410    0.32030   -0.17660   -0.35800   -0.26610    0.56490   -0.11890   -0.27380    0.09010    0.32500   -0.02980 
MEM_PAIR_LOG: 2 1 VAL   -0.22530    0.19670   -0.00500    0.37020    0.12000   -0.01810    0.44240    0.00030    0.03820   -0.07750   -0.03100    0.08280    0.45920    0.73690    0.03720    0.01260    0.09010   -0.19240    0.52810    0.58400 
MEM_PAIR_LOG: 2 1 TRP    0.10010    0.13530    0.75000    0.49730   -0.01900    0.17540   -0.75000    0.00370   -0.75000    0.18050   -0.28830    0.75000    0.36370    0.28560   -0.75000   -0.01530    0.32500    0.52810   -0.75000   -0.04250 
MEM_PAIR_LOG: 2 1 TYR    0.02620    0.75000    0.75000   -0.75000   -0.14800   -0.56460   -0.22480    0.44420   -0.41380    0.19460    0.12650    0.02630    0.38050   -0.08540   -0.39250    0.08550   -0.02980    0.58400   -0.04250   -0.14250 
MEM_PAIR_LOG: 2 2 ALA   -0.07100   -0.06710   -0.06030    0.11110   -0.10570   -0.24380    0.13770    0.10700    0.31060    0.15400    0.10740    0.12740   -0.06630    0.40660    0.07770   -0.04200   -0.01050    0.00240    0.00880    0.02220 
MEM_PAIR_LOG: 2 2 CYS   -0.06710   -0.11540    0.60600    0.75000    0.00290   -0.25550    0.17020    0.24340    0.46310   -0.09110   -0.44950    0.54420   -0.23710    0.75000    0.75000   -0.04330    0.02560    0.07960    0.03800    0.58550 
MEM_PAIR_LOG: 2 2 ASP   -0.06030    0.60600   -0.75000   -0.75000    0.73410    0.27470    0.75000    0.22340   -0.75000    0.69070   -0.16190   -0.75000   -0.43290   -0.17450   -0.75000   -0.47750    0.08830    0.75000    0.14760   -0.74170 
MEM_PAIR_LOG: 2 2 GLU    0.11110    0.75000   -0.75000   -0.75000    0.54360   -0.04210   -0.75000    0.22980   -0.75000    0.28130    0.30420   -0.75000   -0.22370   -0.55000   -0.44350   -0.47600    0.06080    0.58920    0.70970   -0.59840 
MEM_PAIR_LOG: 2 2 PHE   -0.10570    0.00290    0.73410    0.54360   -0.21240    0.12950    0.28510    0.07920    0.75000   -0.08330   -0.07280    0.61550   -0.07110    0.41510   -0.35390    0.02280    0.09500   -0.02690   -0.12700    0.12660 
MEM_PAIR_LOG: 2 2 GLY   -0.24380   -0.25550    0.27470   -0.04210    0.12950   -0.38030   -0.48000    0.36290    0.22090    0.25320    0.19180    0.42250    0.13980   -0.12710   -0.05760   -0.14190   -0.00260    0.00970   -0.09220   -0.02580 
MEM_PAIR_LOG: 2 2 HIS    0.13770    0.17020    0.75000   -0.75000    0.28510   -0.48000   -0.59670    0.53890    0.75000    0.57420    0.00850    0.75000    0.36240   -0.75000   -0.37490    0.29290   -0.57700   -0.07570   -0.04400    0.02600 
MEM_PAIR_LOG: 2 2 ILE    0.10700    0.24340    0.22340    0.22980    0.07920    0.36290    0.53890   -0.37990   -0.01280   -0.19960    0.11520    0.43410   -0.04360    0.45800    0.14040    0.32240   -0.06810   -0.07320    0.21020   -0.02100 
MEM_PAIR_LOG: 2 2 LYS    0.31060    0.46310   -0.75000   -0.75000    0.75000    0.22090    0.75000   -0.01280    0.43980    0.04270   -0.43360   -0.75000   -0.39380    0.09590   -0.45260   -0.22350    0.18570    0.18200    0.45140   -0.38990 
MEM_PAIR_LOG: 2 2 LEU    0.15400   -0.09110    0.69070    0.28130   -0.08330    0.25320    0.57420   -0.19960    0.04270   -0.23580   -0.07080    0.00690    0.03330    0.46740    0.47360    0.25860    0.21470   -0.11730    0.04770    0.09870 
MEM_PAIR_LOG: 2 2 MET    0.10740   -0.44950   -0.16190    0.30420   -0.07280    0.19180    0.00850    0.11520   -0.43360   -0.07080   -0.18240   -0.05280    0.02430    0.21740    0.70610   -0.07850    0.02940   -0.08140   -0.13350    0.19550 
MEM_PAIR_LOG: 2 2 ASN    0.12740    0.54420   -0.75000   -0.75000    0.61550    0.42250    0.75000    0.43410   -0.75000    0.00690   -0.05280   -0.75000   -0.30960   -0.75000   -0.69500   -0.15560   -0.16710    0.16910   -0.07110   -0.14080 
MEM_PAIR_LOG: 2 2 PRO   -0.06630   -0.23710   -0.43290   -0.22370   -0.07110    0.13980    0.36240   -0.04360   -0.39380    0.03330    0.02430   -0.30960    0.73420   -0.27450    0.13810    0.01710    0.01310    0.21800   -0.36990   -0.15020 
MEM_PAIR_LOG: 2 2 GLN    0.40660    0.75000   -0.17450   -0.55000    0.41510   -0.12710   -0.75000    0.45800    0.09590    0.46740    0.21740   -0.75000   -0.27450   -0.53570   -0.21210   -0.38050   -0.40770    0.35340   -0.64190   -0.18910 
MEM_PAIR_LOG: 2 2 ARG    0.07770    0.75000   -0.75000   -0.44350   -0.35390   -0.05760   -0.37490    0.14040   -0.45260    0.47360    0.70610   -0.69500    0.13810   -0.21210   -0.17350    0.26910    0.60300    0.06380   -0.61980   -0.62770 
MEM_PAIR_LOG: 2 2 SER   -0.04200   -0.04330   -0.47750   -0.47600    0.02280   -0.14190    0.29290    0.32240   -0.22350    0.25860   -0.07850   -0.15560    0.01710   -0.38050    0.26910   -0.36190    0.04540    0.19290    0.01580   -0.45770 
MEM_PAIR_LOG: 2 2 THR   -0.01050    0.02560    0.08830    0.06080    0.09500   -0.00260   -0.57700   -0.06810    0.18570    0.21470    0.02940   -0.16710    0.01310   -0.40770    0.60300    0.04540   -0.26790   -0.04080   -0.27100    0.18940 
MEM_PAIR_LOG: 2 2 VAL    0.00240    0.07960    0.75000    0.58920   -0.02690    0.00970   -0.07570   -0.07320    0.18200   -0.11730   -0.08140    0.16910    0.21800    0.35340    0.06380    0.19290   -0.04080   -0.13730    0.18880    0.36030 
MEM_PAIR_LOG: 2 2 TRP    0.00880    0.03800    0.14760    0.70970   -0.12700   -0.09220   -0.04400    0.21020    0.45140    0.04770   -0.13350   -0.07110   -0.36990   -0.64190   -0.61980    0.01580   -0.27100    0.18880    0.75000    0.35450 
MEM_PAIR_LOG: 2 2 TYR    0.02220    0.58550   -0.74170   -0.59840    0.12660   -0.02580    0.02600   -0.02100   -0.38990    0.09870    0.19550   -0.14080   -0.15020   -0.18910   -0.62770   -0.45770    0.18940    0.36030    0.35450   -0.12710 
MEM_PAIR_LOG: 2 3 ALA   -0.03040    0.00660    0.05460    0.03770    0.02030    0.00410    0.03500   -0.01350    0.09680   -0.00090    0.01360   -0.01420   -0.01730   -0.00220    0.03550    0.01870    0.00260   -0.02090    0.06190    0.02620 
MEM_PAIR_LOG: 2 3 CYS    0.00660   -0.15160    0.22500    0.07790   -0.02560   -0.02720   -0.02020   -0.01070    0.22500    0.00980    0.08560   -0.07870    0.05220   -0.02320    0.14920   -0.02230    0.03050   -0.00160    0.00030   -0.00250 
MEM_PAIR_LOG: 2 3 ASP    0.05460    0.22500   -0.17570   -0.20840    0.08550    0.02460    0.22500   -0.00240   -0.22500   -0.00950    0.06240   -0.08130   -0.00730   -0.09450   -0.14350   -0.02850   -0.01550   -0.00100   -0.10970   -0.03360 
MEM_PAIR_LOG: 2 3 GLU    0.03770    0.07790   -0.20840    0.01770    0.07230   -0.00570    0.10170    0.04450   -0.11010    0.02150   -0.03720   -0.19110   -0.11410   -0.09620   -0.22500    0.03260    0.03330   -0.01150   -0.10480    0.10520 
MEM_PAIR_LOG: 2 3 PHE    0.02030   -0.02560    0.08550    0.07230   -0.03760   -0.02000   -0.01630   -0.00600    0.03600   -0.00950   -0.01630    0.05410    0.06060    0.00190    0.15560   -0.01680    0.02970    0.02270   -0.09640    0.03820 
MEM_PAIR_LOG: 2 3 GLY    0.00410   -0.02720    0.02460   -0.00570   -0.02000   -0.00410    0.07080    0.00230   -0.06930    0.00820    0.00810   -0.01160    0.02130    0.04000   -0.06690    0.03500   -0.03190   -0.01500    0.02050    0.03070 
MEM_PAIR_LOG: 2 3 HIS    0.03500   -0.02020    0.22500    0.10170   -0.01630    0.07080   -0.22500    0.04800    0.18910   -0.05620    0.03630   -0.04830    0.22500   -0.05680   -0.05640   -0.02880    0.05550   -0.00630   -0.17770    0.03840 
MEM_PAIR_LOG: 2 3 ILE   -0.01350   -0.01070   -0.00240    0.04450   -0.00600    0.00230    0.04800   -0.02340    0.04060    0.00750    0.00890    0.04490    0.02100   -0.02300    0.16530   -0.02010   -0.01320    0.00460    0.04110    0.01350 
MEM_PAIR_LOG: 2 3 LYS    0.09680    0.22500   -0.22500   -0.11010    0.03600   -0.06930    0.18910    0.04060   -0.22500    0.15990    0.16180   -0.04300   -0.08460   -0.13830   -0.22500   -0.08860   -0.01660    0.04330   -0.15920   -0.18410 
MEM_PAIR_LOG: 2 3 LEU   -0.00090    0.00980   -0.00950    0.02150   -0.00950    0.00820   -0.05620    0.00750    0.15990   -0.02780    0.00370    0.04840   -0.02520    0.06620   -0.02040   -0.00280    0.01750    0.01600   -0.02330    0.01870 
MEM_PAIR_LOG: 2 3 MET    0.01360    0.08560    0.06240   -0.03720   -0.01630    0.00810    0.03630    0.00890    0.16180    0.00370   -0.07670    0.01670    0.01600    0.10710    0.03570   -0.01280   -0.02650    0.00490   -0.05810   -0.02000 
MEM_PAIR_LOG: 2 3 ASN   -0.01420   -0.07870   -0.08130   -0.19110    0.05410   -0.01160   -0.04830    0.04490   -0.04300    0.04840    0.01670   -0.13040   -0.01910   -0.03150   -0.22500   -0.02490    0.00320    0.04460    0.07640   -0.04850 
MEM_PAIR_LOG: 2 3 PRO   -0.01730    0.05220   -0.00730   -0.11410    0.06060    0.02130    0.22500    0.02100   -0.08460   -0.02520    0.01600   -0.01910   -0.03720   -0.17260   -0.06630   -0.05280    0.07790   -0.00190    0.07750   -0.05950 
MEM_PAIR_LOG: 2 3 GLN   -0.00220   -0.02320   -0.09450   -0.09620    0.00190    0.04000   -0.05680   -0.02300   -0.13830    0.06620    0.10710   -0.03150   -0.17260   -0.16360   -0.22500   -0.09520    0.10410    0.08200    0.02970   -0.04520 
MEM_PAIR_LOG: 2 3 ARG    0.03550    0.14920   -0.14350   -0.22500    0.15560   -0.06690   -0.05640    0.16530   -0.22500   -0.02040    0.03570   -0.22500   -0.06630   -0.22500   -0.10230    0.02540    0.13740    0.03370    0.22500   -0.13990 
MEM_PAIR_LOG: 2 3 SER    0.01870   -0.02230   -0.02850    0.03260   -0.01680    0.03500   -0.02880   -0.02010   -0.08860   -0.00280   -0.01280   -0.02490   -0.05280   -0.09520    0.02540   -0.02370    0.04930    0.00520    0.03050    0.02970 
MEM_PAIR_LOG: 2 3 THR    0.00260    0.03050   -0.01550    0.03330    0.02970   -0.03190    0.05550   -0.01320   -0.01660    0.01750   -0.02650    0.00320    0.07790    0.10410    0.13740    0.04930   -0.01710   -0.03560    0.05550   -0.09620 
MEM_PAIR_LOG: 2 3 VAL   -0.02090   -0.00160   -0.00100   -0.01150    0.02270   -0.01500   -0.00630    0.00460    0.04330    0.01600    0.00490    0.04460   -0.00190    0.08200    0.03370    0.00520   -0.03560   -0.01800    0.05080    0.02340 
MEM_PAIR_LOG: 2 3 TRP    0.06190    0.00030   -0.10970   -0.10480   -0.09640    0.02050   -0.17770    0.04110   -0.15920   -0.02330   -0.05810    0.07640    0.07750    0.02970    0.22500    0.03050    0.05550    0.05080   -0.10490   -0.05090 
MEM_PAIR_LOG: 2 3 TYR    0.02620   -0.00250   -0.03360    0.10520    0.03820    0.03070    0.03840    0.01350   -0.18410    0.01870   -0.02000   -0.04850   -0.05950   -0.04520   -0.13990    0.02970   -0.09620    0.02340   -0.05090   -0.07710 
MEM_PAIR_LOG: 2 4 ALA   -0.00950   -0.01060   -0.01470   -0.02470   -0.00740    0.00370    0.00230    0.01330    0.00520   -0.00130    0.00180    0.03000   -0.01310   -0.01940   -0.00100    0.01790   -0.00040   -0.00100   -0.02220    0.01630 
MEM_PAIR_LOG: 2 4 CYS   -0.01060    0.01340    0.01000   -0.06340    0.00870    0.02500   -0.04790    0.01490    0.06400   -0.00370    0.00050   -0.06880    0.05260   -0.09370    0.00940    0.03120   -0.02220    0.01340   -0.01930   -0.04980 
MEM_PAIR_LOG: 2 4 ASP   -0.01470    0.01000   -0.03400    0.00110    0.03510    0.07360    0.02730   -0.03360   -0.05560    0.01640    0.04770   -0.03660   -0.00480    0.06520   -0.07280   -0.02980   -0.05380   -0.00330    0.01570   -0.02500 
MEM_PAIR_LOG: 2 4 GLU   -0.02470   -0.06340    0.00110   -0.15000    0.01480    0.02550   -0.10520    0.00070   -0.03730    0.03290    0.05260   -0.10550   -0.02370   -0.05370   -0.15000    0.02340    0.06210    0.00600   -0.00070    0.09040 
