PAIR     2 H     4 H   P   a a  C4   C4  RT -0.978185 -0.0327765 0.205133 0.00208791 -0.988976 -0.148064 0.207724 -0.144406 0.96747 0.106742 -7.5422 0.316937  
PAIR     2 W     4 P   A   a a  C4   O2P RT -0.552724 -0.271489 -0.787902 0.698416 0.364898 -0.615682 0.454655 -0.890586 -0.0120755 4.80199 -3.67968 -0.246316  RT -0.552724 -0.653224 0.517488 0.698416 -0.701867 -0.139994 0.454655 0.284044 0.844161 4.80199 -3.67968 -0.246316  
PAIR     4 W     2 P   P   a a  C4   O1P RT -0.539758 -0.325924 0.776167 0.74941 0.233957 0.619393 -0.383464 0.91599 0.117971 4.75493 -3.4786 -1.54362  RT -0.539758 -0.641332 -0.545302 0.74941 -0.661138 0.0357762 -0.383464 -0.389344 0.837476 4.75493 -3.4786 -1.54362  
PAIR     3 W    16 W   A   c g  C2   C4  RT -0.984871 0.0794886 -0.153985 0.0968911 0.989307 -0.109014 0.143673 -0.122285 -0.982041 6.10524 -0.711296 -0.712612  
PAIR     4 W    15 W   A   c g  C2   C4  RT -0.983574 0.100868 -0.149694 0.112687 0.990969 -0.0726792 0.141011 -0.088354 -0.986057 6.12674 -0.737182 -0.719668  
PAIR     5 W    14 W   A   c g  C2   C4  RT -0.99324 0.112683 -0.0278686 0.114498 0.990544 -0.0755881 0.0190876 -0.078268 -0.99675 6.15714 -0.920687 -0.176264  
PAIR    17 W    42 W   A   g c  C4   C2  RT -0.991573 0.0253894 0.12704 0.0175869 0.997911 -0.0621668 -0.128353 -0.0594086 -0.989948 6.04618 0.354957 -0.357966  
PAIR    19 W    40 W   A   a u  C4   C2  RT -0.975004 0.0516683 0.216098 0.0591274 0.997852 0.0281914 -0.214177 0.040264 -0.975965 6.09728 0.573906 0.30498  
PAIR    10 W    49 W   A   u g  C2   C4  RT -0.950895 0.309252 -0.0127382 0.308676 0.944486 -0.112543 -0.0227732 -0.110949 -0.993565 6.35548 0.804807 -0.431351  
PAIR    20 S    39 H   A   g a  C4   C4  RT -0.999903 -0.0134907 -0.00346764 -0.0139282 0.965329 0.260666 -0.000169156 0.260689 -0.965423 1.7907 6.71582 1.09417  
PAIR    16 H    46 S   A   a g  C4   C4  RT -0.908004 -0.192489 0.372124 0.00736861 0.880732 0.473557 -0.418897 0.432734 -0.79829 1.89987 -6.53489 0.0633009  
PAIR    15 W    48 W   A   c c  C2   C2  RT -0.96869 -0.247155 -0.0235397 -0.248218 0.962092 0.112993 -0.00527952 0.115298 -0.993317 3.51906 2.7689 0.14123  
PAIR    11 W    47 H   A   a a  C4   C4  RT 0.287632 0.953405 0.0910256 0.94759 -0.297097 0.117505 0.139073 0.0524567 -0.988892 7.43849 -3.25727 0.0478036  
PAIR    16 W    43 S   P   a a  C4   C4  RT -0.599259 -0.791423 -0.120575 0.470586 -0.470086 0.746704 -0.64764 0.390728 0.654136 5.87521 2.54541 -1.7566  
PAIR    16 W    43 2   P   a a  C4   O2* RT -0.692194 0.705118 0.153872 -0.551547 -0.654333 0.517343 0.465472 0.273234 0.841831 5.11575 -1.22372 0.164573  
PAIR    39 W    20 2   P   a g  C4   O2* RT 0.224273 0.90099 0.371375 0.962212 -0.26512 0.0621271 0.154435 0.343408 -0.926402 4.45772 -3.96143 1.35689  
PAIR    47 W    17 2   A   a g  C4   O2* RT 0.0265439 0.999633 -0.00535476 -0.639896 0.0128757 -0.768354 -0.768003 0.0238216 0.640003 5.28902 0.0109435 0.792139  
PAIR    48 H    47 P   P   c a  C2   O1P RT 0.86835 0.371527 0.328537 0.406206 -0.152722 -0.900929 -0.284545 0.915775 -0.283532 -1.13616 -5.52288 -0.172159  RT 0.86835 -0.433616 0.240721 0.406206 0.900294 0.156419 -0.284545 -0.0380438 0.957908 -1.13616 -5.52288 -0.172159  
PAIR     5 W    39 W   A   u a  C2   C4  RT -0.997809 -0.0304048 -0.0587539 -0.0134978 0.963012 -0.269122 0.0647632 -0.267739 -0.961312 5.94809 -0.580038 -0.144387  
PAIR    17 W    27 W   A   a u  C4   C2  RT -0.998339 -0.0213819 0.0534916 -0.0352796 0.960995 -0.274308 -0.0455399 -0.275739 -0.960153 5.8868 0.561182 -0.171441  
PAIR    10 W    35 W   A   u a  C2   C4  RT -0.994684 0.0392401 0.0952022 0.0306906 0.995499 -0.089662 -0.0982921 -0.0862635 -0.991412 5.93833 -0.932141 0.240385  
PAIR    12 W    33 W   A   c g  C2   C4  RT -0.993774 0.0120614 -0.110763 0.040802 0.964461 -0.261054 0.103678 -0.263948 -0.958948 6.06691 -0.690966 -0.785577  
PAIR    21 W    24 W   A   a u  C4   C2  RT -0.997403 0.0585735 -0.0418997 0.0665563 0.971938 -0.225627 0.0275082 -0.22783 -0.973312 5.98345 0.56087 -0.0463156  
PAIR     6 W    38 W   A   g c  C4   C2  RT -0.983679 0.0798494 0.161244 0.00962028 0.918196 -0.39601 -0.179675 -0.387995 -0.903978 6.15296 0.154995 -0.203952  
PAIR     4 W    40 W   A   c g  C2   C4  RT -0.998104 0.0615113 0.00205491 0.0596634 0.975235 -0.212971 -0.0151041 -0.212444 -0.977056 6.17564 -0.691848 -0.106292  
PAIR    16 W    28 W   A   c g  C2   C4  RT -0.979108 0.0285564 -0.201327 0.0955762 0.938535 -0.331689 0.179481 -0.344002 -0.921656 5.91767 -0.74588 -1.20673  
PAIR    18 W    26 W   A   g c  C4   C2  RT -0.995605 0.0923876 0.015309 0.0865863 0.970427 -0.225331 -0.035674 -0.223015 -0.974162 6.15378 0.20639 -0.26046  
PAIR    19 W    25 W   A   c g  C2   C4  RT -0.994935 0.0882512 -0.0481236 0.097288 0.965839 -0.240189 0.0252827 -0.243654 -0.969533 6.11401 -0.7677 -0.47003  
PAIR     3 W    41 W   A   g c  C4   C2  RT -0.991893 0.125272 0.0213489 0.117374 0.967515 -0.223916 -0.0487058 -0.219594 -0.974375 6.0302 0.0454076 -0.230699  
PAIR     2 W    43 W   A   u a  C2   C4  RT -0.993512 0.113156 0.0113835 0.104651 0.948816 -0.297988 -0.04452 -0.294864 -0.954502 6.00263 -1.35989 0.099314  
PAIR    22 W    23 W   A   g c  C4   C2  RT -0.984684 0.136544 0.108415 0.0859267 0.92112 -0.379678 -0.151706 -0.364547 -0.918744 6.14249 0.208868 -0.202495  
PAIR     9 W    36 W   A   g c  C4   C2  RT -0.985193 0.132714 0.108547 0.131077 0.991126 -0.022109 -0.110518 -0.00755365 -0.993845 6.20452 0.0114725 -0.0117883  
PAIR    11 W    34 W   A   g c  C4   C2  RT -0.990686 0.116428 -0.0706107 0.117886 0.992885 -0.0168217 0.0681497 -0.024989 -0.997362 6.18832 0.271864 -0.260997  
PAIR     1 W    44 W   A   c g  C2   C4  RT -0.966686 0.111194 -0.230554 0.191713 0.911333 -0.364306 0.169603 -0.39637 -0.902289 5.92969 -1.33195 -0.85039  
PAIR    14 W    31 W   A   c g  C2   C4  RT -0.986719 0.156219 -0.0445189 0.15446 0.987166 0.0405611 0.050284 0.033146 -0.998185 6.24827 -0.845604 -0.297198  
PAIR    13 W    32 W   A   a u  C4   C2  RT -0.989399 0.143868 0.0197905 0.141238 0.984979 -0.0993344 -0.0337843 -0.0954862 -0.994857 6.28755 0.448861 -0.235931  
PAIR     1 W     4 W   A   c g  C2   C4  RT -0.980845 0.1385 0.136969 0.137968 0.990346 -0.0134104 -0.137504 0.00574388 -0.990485 6.07127 -0.785703 0.893855  
PAIR    16 W    37 W   A   g c  C4   C2  RT -0.95493 0.132035 0.265849 0.0753863 0.974135 -0.213021 -0.287099 -0.183379 -0.940184 6.13794 0.0621117 0.459363  
PAIR    15 W    38 W   A   g c  C4   C2  RT -0.984426 0.0827 0.155133 0.0695252 0.993645 -0.0885176 -0.161468 -0.0763534 -0.98392 6.17387 0.0544981 0.0204795  
PAIR    10 W    40 W   A   u a  C2   C4  RT -0.992237 0.123407 -0.0153838 0.124349 0.982676 -0.137422 -0.00184156 -0.138268 -0.990393 6.09269 -1.11362 -0.110354  
PAIR    22 W    31 W   A   u a  C2   C4  RT -0.947834 0.155568 -0.278227 0.182903 0.980267 -0.0749871 0.261071 -0.121964 -0.957584 6.01408 -1.25802 -1.13674  
PAIR     9 W    41 W   A   u g  C2   C4  RT -0.992929 0.10257 0.0597644 0.0700764 0.912803 -0.402343 -0.0958216 -0.39531 -0.913536 5.82958 1.25268 -0.538114  
PAIR    25 S    28 H   A   g a  C4   C4  RT -0.96548 0.112538 -0.234911 0.121872 0.992217 -0.0255537 0.230207 -0.0533007 -0.971681 1.82705 6.6719 0.719305  
PAIR    19 H    34 W   A   a c  C4   C2  RT 0.114921 0.977143 -0.178841 0.953125 -0.159191 -0.257316 -0.279904 -0.140887 -0.949634 1.92135 -6.26442 0.20023  
PAIR    25 W    28 P   A   g a  C4   O1P RT -0.533731 -0.594568 0.601349 -0.678925 -0.122683 -0.723885 0.504174 -0.794631 -0.338187 5.63875 2.13175 -0.752073  RT -0.533731 -0.329823 -0.778683 -0.678925 0.716103 0.162038 0.504174 0.615153 -0.606132 5.63875 2.13175 -0.752073  
PAIR    27 H    25 2   P   a g  C4   O2* RT 0.901101 0.191284 0.389137 0.411414 -0.660615 -0.627954 0.136952 0.725946 -0.673978 -0.9827 -4.96179 0.0408623  
PAIR     2 S     3 H   P   g u  C4   C2  RT 0.899031 -0.433698 -0.0604073 0.391105 0.85735 -0.334647 0.196926 0.277232 0.940405 0.652282 7.42417 0.347844  
PAIR    25 W    40 W   A   a u  C4   C2  RT -0.998149 -0.0194448 0.0576171 -0.0372921 0.944146 -0.327409 -0.0480326 -0.328952 -0.943124 5.92307 0.678311 -0.237432  
PAIR    24 W    41 W   A   u a  C2   C4  RT -0.999056 0.0375823 -0.021795 0.0410006 0.981517 -0.186934 0.0143668 -0.187651 -0.982131 5.91222 -0.718873 -0.152949  
PAIR    19 W    46 W   A   a u  C4   C2  RT -0.994049 0.056637 0.0930492 0.0456191 0.992138 -0.116541 -0.0989182 -0.111603 -0.988817 6.02388 0.452731 0.311703  
PAIR    55 W   199 W   A   a u  C4   C2  RT -0.996924 -0.0203298 0.0756976 -0.035726 0.977479 -0.207988 -0.0697645 -0.210053 -0.975198 5.87611 1.04303 -0.317525  
PAIR   365 W   374 W   A   a u  C4   C2  RT -0.990023 -0.0157348 0.140026 -0.0321487 0.992759 -0.115743 -0.137191 -0.11909 -0.98336 5.75794 1.08437 0.0632112  
PAIR   131 W   230 W   A   u a  C2   C4  RT -0.999793 -0.0191961 0.0067846 -0.0199744 0.989334 -0.144291 -0.00394241 -0.144397 -0.989512 6.10559 -0.718024 -0.180899  
PAIR    56 W   198 W   A   a u  C4   C2  RT -0.988539 0.0202687 0.149602 -0.0260283 0.953226 -0.301136 -0.148708 -0.301579 -0.941773 6.01013 0.391001 -0.160258  
PAIR    79 W   101 W   A   g c  C4   C2  RT -0.98839 0.0062976 0.151807 -0.0101221 0.994192 -0.107147 -0.1516 -0.10744 -0.982585 6.09933 0.544187 -0.00675288  
PAIR   124 W   240 W   A   u a  C2   C4  RT -0.997734 0.0325494 -0.0588836 0.03364 0.999279 -0.0176258 0.0582674 -0.0195667 -0.998109 5.77078 -0.915724 -0.243203  
PAIR    87 W    94 W   A   u a  C2   C4  RT -0.999188 0.0235441 0.0327022 0.0164422 0.979133 -0.202554 -0.0367888 -0.201852 -0.978725 6.00221 -0.417307 -0.128575  
PAIR   174 W   189 W   A   g c  C4   C2  RT -0.998487 0.0102174 -0.0540268 0.0201561 0.982199 -0.18676 0.0511569 -0.187566 -0.980919 5.97546 0.199364 -0.16633  
PAIR   182 W   393 W   A   a u  C4   C2  RT -0.994226 0.0878056 0.0616865 0.0770383 0.98422 -0.159299 -0.0747004 -0.153627 -0.985301 6.09843 0.222535 0.00632871  
PAIR    85 W    96 W   A   c g  C2   C4  RT -0.996225 0.0865453 -0.0067503 0.0862017 0.995446 0.040707 0.0102426 0.0399714 -0.999148 6.05734 -0.84647 -0.303352  
PAIR    84 W    97 W   A   c g  C2   C4  RT -0.984896 0.0778189 -0.154672 0.0922056 0.991833 -0.0881192 0.146552 -0.10105 -0.984028 5.93399 -0.684127 -0.953028  
PAIR    88 W    93 W   A   g c  C4   C2  RT -0.987311 0.0829169 -0.135428 0.073149 0.994453 0.0755836 0.140944 0.0647181 -0.9879 6.25741 0.417127 -0.109567  
PAIR   122 W   242 W   A   c g  C2   C4  RT -0.998805 0.0486084 -0.00505643 0.0485936 0.998814 0.00300574 0.00519654 0.00275644 -0.999983 6.08502 -1.12806 0.290892  
PAIR   356 W   385 W   A   c g  C2   C4  RT -0.997697 0.0674582 -0.00714039 0.0674854 0.997714 -0.00363624 0.00687877 -0.00410974 -0.999968 6.24248 -1.12857 -0.522723  
PAIR   330 W   350 W   A   g c  C4   C2  RT -0.985064 0.113893 0.129138 0.0816945 0.969341 -0.231741 -0.151572 -0.21773 -0.964168 6.06437 0.310875 -0.255758  
PAIR   181 W   394 W   A   u a  C2   C4  RT -0.996506 0.0824567 -0.0133202 0.0828331 0.955103 -0.28446 -0.0107335 -0.28457 -0.958595 6.03869 -1.22054 -0.200894  
PAIR   335 W   344 W   A   g c  C4   C2  RT -0.99137 0.110503 0.0705248 0.0998952 0.985181 -0.139422 -0.0848863 -0.131173 -0.987718 6.29563 0.0547849 0.15365  
PAIR     8 W   262 W   A   g c  C4   C2  RT -0.977024 0.117696 0.177684 0.0873487 0.981585 -0.169888 -0.194407 -0.150464 -0.969312 6.10941 0.205229 0.0572211  
PAIR   126 W   238 W   A   c g  C2   C4  RT -0.987789 0.0832493 -0.131688 0.0831841 0.996516 0.00600577 0.131729 -0.00502191 -0.991273 6.10629 -0.540036 -0.58219  
PAIR   357 W   384 W   A   c g  C2   C4  RT -0.970933 0.100165 0.217384 0.130945 0.982545 0.132129 -0.200355 0.156754 -0.967102 6.14557 -0.819281 1.20164  
PAIR   129 W   232 W   A   u a  C2   C4  RT -0.970998 0.101593 -0.216428 0.143269 0.971946 -0.186533 0.191406 -0.212131 -0.958313 5.8808 -1.24242 -0.840006  
PAIR   295 W   320 W   A   c g  C2   C4  RT -0.987336 0.145973 -0.0621266 0.135956 0.980367 0.142818 0.0817544 0.132562 -0.987797 6.47799 -0.998 -0.408991  
PAIR    17 W   252 W   A   g c  C4   C2  RT -0.987794 0.149634 0.0432792 0.131612 0.950365 -0.281931 -0.0833174 -0.272794 -0.958458 6.15471 0.745615 -0.360209  
PAIR   270 W   281 W   A   u a  C2   C4  RT -0.954125 0.118594 -0.27492 0.163295 0.975743 -0.145812 0.250959 -0.184016 -0.950346 6.07933 -1.71792 -0.946166  
PAIR   294 W   321 W   A   u a  C2   C4  RT -0.985386 0.142512 0.0932947 0.117817 0.96581 -0.230933 -0.123016 -0.216566 -0.968487 6.18916 -1.49315 -0.340277  
PAIR    68 W   117 W   A   c g  C2   C4  RT -0.982471 0.185473 -0.0186926 0.186112 0.981639 -0.0417988 0.0105968 -0.0445451 -0.998951 6.04886 -1.72832 0.0226653  
PAIR    53 W   201 W   A   a u  C4   C2  RT -0.986106 0.140911 0.0879685 0.121457 0.972875 -0.196881 -0.113325 -0.183461 -0.976473 6.75089 -0.793116 -0.0412936  
PAIR    30 W    34 H   A   u a  C2   C4  RT 0.301344 0.947853 0.103765 0.952491 -0.304277 0.0133187 0.0441974 0.0948215 -0.994513 5.71021 -1.44903 0.488671  
PAIR    48 H    58 W   A   a u  C4   C2  RT 0.174848 0.971032 -0.162868 0.984566 -0.17372 0.0212513 -0.00765774 -0.16407 -0.986419 -0.0503597 -5.80243 -0.29896  
PAIR   331 W   349 W   A   u g  C2   C4  RT -0.993412 0.113312 -0.0171381 0.1146 0.981711 -0.152019 -0.000400841 -0.152981 -0.988229 5.78112 1.21152 -0.418715  
PAIR    78 W   102 W   A   g u  C4   C2  RT -0.993788 0.049384 -0.0997298 0.0561176 0.996248 -0.0658814 0.0961021 -0.0710688 -0.992831 5.81834 -1.8456 -0.421209  
PAIR   128 W   233 W   A   g u  C4   C2  RT -0.99529 0.0743252 -0.0622345 0.0782005 0.994987 -0.0623378 0.0572893 -0.066911 -0.996113 5.80151 -1.9427 -0.161146  
PAIR    86 W    95 W   A   g u  C4   C2  RT -0.994893 0.100569 -0.0086347 0.100015 0.970626 -0.218821 -0.0136256 -0.218567 -0.975727 5.56761 -2.38339 0.3563  
PAIR    26 H    40 S   A   a g  C4   C4  RT -0.996321 0.00772415 0.0853517 -0.00383369 0.990916 -0.134427 -0.0856147 -0.13426 -0.987241 1.96265 -6.91097 0.0964862  
PAIR     4 S   259 W   A   g a  C4   C4  RT 0.282446 -0.866185 -0.412247 -0.881196 -0.404107 0.24534 -0.379102 0.293975 -0.877417 1.09716 6.4141 1.79881  
PAIR   109 H   258 W   P   a u  C4   C2  RT 0.282559 -0.955755 0.0818092 0.942115 0.292548 0.163811 -0.180496 0.0307874 0.983094 -2.32491 -5.14442 0.424807  
PAIR    49 H   197 W   P   a u  C4   C2  RT 0.173361 -0.974668 -0.141311 0.975538 0.189637 -0.111194 0.135175 -0.118578 0.983701 -2.14225 -5.27001 -0.656114  
PAIR    70 W   115 H   A   u c  C2   C2  RT -0.62347 0.748598 -0.22558 0.772855 0.633724 -0.0330106 0.118244 -0.194922 -0.973665 4.85726 4.92046 -0.962327  
PAIR   347 S   348 H   P   a a  C4   C4  RT 0.991158 0.0480423 -0.123688 -0.0883502 0.93442 -0.345041 0.0989996 0.352918 0.930402 -0.226299 6.38302 1.8826  
PAIR   288 W   357 H   A   c c  C2   C2  RT 0.159865 0.978479 -0.130467 0.860415 -0.0733351 0.50429 0.483869 -0.192874 -0.853622 6.43589 0.240409 -0.634736  
PAIR    57 S    58 H   P   g u  C4   C2  RT 0.896127 -0.422551 0.135672 0.443024 0.869778 -0.217293 -0.0261869 0.254828 0.966632 0.021903 7.41242 1.0957  
PAIR   368 S   371 W   P   g c  C4   C2  RT 0.0393761 0.867638 -0.495635 -0.959933 0.170574 0.222337 0.277451 0.467022 0.83959 3.31402 5.3091 0.265406  
PAIR    24 H    35 2   P   a g  C4   O2* RT 0.412814 -0.857543 -0.306928 0.882909 0.459536 -0.0964243 0.223732 -0.231184 0.946836 -0.346467 -4.88003 -0.793491  
PAIR    26 W    40 2   A   a g  C4   O2* RT 0.183771 0.943297 0.276441 0.973285 -0.135237 -0.185548 -0.137642 0.303154 -0.942949 4.71163 -3.71373 1.2869  
PAIR    47 W    57 2   P   g g  C4   O2* RT -0.246007 0.710684 -0.659097 0.017761 0.683186 0.730029 0.969105 0.167886 -0.180691 4.95805 -3.45357 -0.451364  
PAIR    47 W    58 P   A   g u  C4   O1P RT -0.822907 -0.5427 0.168228 0.0492881 -0.363153 -0.930425 0.566034 -0.757362 0.325589 5.29129 -0.570647 0.572304  RT -0.822907 -0.00876554 -0.568109 0.0492881 0.99501 -0.0867464 0.566034 -0.0993852 -0.818369 5.29129 -0.570647 0.572304  
PAIR    57 W    48 P   A   g a  C4   O1P RT -0.835882 -0.170879 0.521633 -0.548254 0.213491 -0.808603 0.0268091 -0.961885 -0.272138 5.88278 1.35441 0.375933  RT -0.835882 -0.416125 -0.357968 -0.548254 0.664773 0.507439 0.0268091 0.620417 -0.783814 5.88278 1.35441 0.375933  
PAIR   105 W   394 2   A   a a  C4   O2* RT -0.661826 -0.747243 -0.0601179 0.648616 -0.610987 0.453862 -0.375877 0.261384 0.889041 5.1478 -2.8389 0.850361  
PAIR   235 W   174 P   A   g g  C4   O2P RT -0.693377 -0.442461 0.568732 -0.232614 -0.609575 -0.757831 0.681996 -0.657758 0.319743 5.33072 -0.0849985 0.460003  RT -0.693377 0.694933 0.190515 -0.232614 -0.466107 0.853601 0.681996 0.547551 0.484839 5.33072 -0.0849985 0.460003  
PAIR   288 W   357 P   A   c c  C2   O1P RT -0.7712 -0.531239 -0.350766 0.341961 0.119049 -0.932143 0.536948 -0.838816 0.0898528 2.68094 -5.2888 -0.752307  RT -0.7712 0.493501 -0.402129 0.341961 0.853961 0.392189 0.536948 0.164944 -0.827333 2.68094 -5.2888 -0.752307  
PAIR   349 H   347 2   A   g a  C4   O2* RT 0.00616443 -0.97288 -0.23123 0.535738 -0.192036 0.822257 -0.844362 -0.128947 0.520025 1.37523 -5.38659 0.535171  
PAIR   356 H   288 2   P   c c  C2   O2* RT 0.400721 0.495506 0.770647 0.650695 -0.746066 0.141353 0.644995 0.444813 -0.621388 -1.074 -5.63729 0.550663  
PAIR   368 W   182 2   A   g a  C4   O2* RT -0.753857 0.0627891 0.654032 0.292788 0.923229 0.248844 -0.588196 0.379085 -0.714367 5.63533 2.42643 0.662862  
PAIR   371 H   368 2   A   c g  C2   O2* RT -0.864757 -0.502165 0.00510171 0.367559 -0.625969 0.687796 -0.342194 0.596652 0.725886 1.7396 -6.24288 0.372299  
PAIR   371 W   182 2   A   c a  C2   O2* RT -0.473936 -0.778588 -0.411321 -0.878833 0.388998 0.276284 -0.0551082 0.492424 -0.868609 2.96884 1.70797 -1.45774  
PAIR     9 W    13 W   A   u a  C2   C4  RT -0.999732 -0.00731368 0.021967 -0.0127543 0.965821 -0.258896 -0.0193227 -0.259107 -0.965655 6.20262 -0.710609 -0.0541128  
PAIR     5 W    20 W   A   g c  C4   C2  RT -0.994174 0.103439 0.0302964 0.0961574 0.978162 -0.184262 -0.0486947 -0.180276 -0.98241 5.91747 0.432869 0.032765  
PAIR     4 W    21 W   A   g c  C4   C2  RT -0.980032 0.0988729 -0.172516 0.131669 0.972829 -0.190437 0.148999 -0.20935 -0.966422 5.86739 0.182231 -0.224283  
PAIR     1 W    24 W   A   u a  C2   C4  RT -0.978646 0.122513 0.165051 0.078349 0.964681 -0.2515 -0.190034 -0.233198 -0.95368 5.90199 -0.919483 0.21897  
PAIR     3 W    22 W   A   a u  C4   C2  RT -0.943082 0.128876 -0.306574 0.17885 0.973743 -0.140841 0.280374 -0.187656 -0.941369 5.99081 0.569793 -0.784423  
PAIR     6 W    19 W   A   a u  C4   C2  RT -0.974702 0.212212 0.0701526 0.201205 0.969775 -0.13803 -0.0973239 -0.120424 -0.98794 5.99768 -0.646002 0.202895  
PAIR    12 W    13 W   A   u a  C2   C4  RT -0.949758 0.282929 0.133829 0.228507 0.919017 -0.321234 -0.213877 -0.274514 -0.937496 5.84242 -1.52152 0.286739  
PAIR    11 W    14 W   A   a u  C4   C2  RT -0.953493 0.282673 0.104626 0.228733 0.904641 -0.35959 -0.196295 -0.318935 -0.927226 6.25872 0.173946 0.074132  
PAIR     7 W    18 W   A   g c  C4   C2  RT -0.948252 0.291717 0.125375 0.259864 0.939902 -0.221484 -0.182451 -0.177442 -0.967071 6.19219 -0.227113 -0.0639121  
PAIR   514 W   535 W   A   g c  C4   C2  RT -0.967964 0.104835 0.228158 -0.0106531 0.890704 -0.454459 -0.250864 -0.44233 -0.861052 5.91125 0.47294 0.0679149  
PAIR  1506 W  1527 W   A   a u  C4   C2  RT -0.972983 0.0197978 0.230025 0.0704591 0.974249 0.214184 -0.219861 0.224605 -0.949323 5.79461 0.718528 1.14122  
PAIR   821 W   877 W   A   u a  C2   C4  RT -0.995303 0.032436 -0.0912161 0.0470371 0.985539 -0.162792 0.0846167 -0.166317 -0.982435 5.96403 -1.25832 -0.678849  
PAIR   596 W   642 W   A   g c  C4   C2  RT -0.903361 0.130437 0.408564 0.0686298 0.984318 -0.162505 -0.423354 -0.118761 -0.898147 6.08472 0.206145 0.889914  
PAIR  1509 W  1524 W   A   c g  C2   C4  RT -0.984359 0.11505 0.133421 0.0780292 0.963702 -0.255324 -0.157953 -0.24092 -0.957606 6.2461 -1.47998 0.203651  
PAIR   822 W   876 W   A   c g  C2   C4  RT -0.994629 0.100981 -0.0226979 0.102122 0.993167 -0.0564917 0.0168382 -0.0585062 -0.998145 6.16648 -1.43378 -0.340681  
PAIR   240 W   284 W   A   g c  C4   C2  RT -0.9911 0.00714543 0.132925 -0.0226555 0.974936 -0.221329 -0.131175 -0.222371 -0.966097 6.00488 -0.255633 0.0936784  
PAIR   773 W   804 W   A   g c  C4   C2  RT -0.970125 0.115103 0.213562 0.0577689 0.964564 -0.257446 -0.235627 -0.237418 -0.942397 6.06359 -0.49256 0.0370818  
PAIR    43 W   397 W   A   a u  C4   C2  RT -0.968959 0.247159 0.00548774 0.246256 0.966902 -0.0667633 -0.0218073 -0.0633395 -0.997754 6.47134 0.239227 -0.328073  
PAIR   890 W   906 H   A   u a  C2   C4  RT 0.298877 0.948743 -0.102756 0.952849 -0.302608 -0.0225111 -0.0524519 -0.0911825 -0.994452 5.51512 -0.888443 -0.209313  
PAIR   118 H   286 W   A   a u  C4   C2  RT 0.101057 0.961321 -0.256222 0.987096 -0.064729 0.146464 0.124213 -0.267717 -0.955457 -0.803214 -5.60976 -0.293282  
PAIR  1418 W  1480 W   A   g u  C4   C2  RT -0.994054 -0.101606 -0.0391481 -0.083303 0.941171 -0.327504 0.0701215 -0.322295 -0.944039 5.98775 -1.61347 -0.834107  
PAIR   924 W  1390 W   A   g u  C4   C2  RT -0.973909 0.221477 -0.0494955 0.226607 0.937245 -0.264994 -0.0123009 -0.269296 -0.962979 5.94539 -1.83137 -0.619526  
PAIR  1432 H  1466 W   A   a c  C4   C2  RT -0.621152 0.76496 0.170314 0.697346 0.638671 -0.325282 -0.357602 -0.0832816 -0.930153 1.51945 -6.93721 -0.0422797  
PAIR   334 S  1432 W   A   c a  C2   C4  RT 0.805024 -0.373471 0.460929 -0.469487 -0.876041 0.110152 0.362654 -0.305075 -0.880574 -1.23978 6.00969 -0.74861  
PAIR   519 W   532 W   P   a a  C4   C4  RT -0.646962 0.737583 -0.193422 -0.359961 -0.519038 -0.77526 -0.672211 -0.431939 0.601299 8.55437 -1.10601 2.21497  
PAIR   769 S   898 W   A   c c  C2   C2  RT -0.304899 -0.427869 0.850861 -0.84327 0.536513 -0.0323853 -0.442642 -0.72738 -0.524392 -0.841431 6.17207 -0.449889  
PAIR   792 H  1516 H   P   u g  C2   C4  RT -0.714966 0.504246 0.484314 -0.688095 -0.630234 -0.359625 0.123892 -0.590374 0.797565 -1.89772 -7.81618 -2.31564  
PAIR   371 H   387 P   A   c g  C2   O1P RT -0.0544176 0.710606 -0.701483 0.873242 0.374562 0.311691 0.484238 -0.595603 -0.640914 -0.291122 -5.59357 -1.71781  RT -0.0544176 0.402069 0.913991 0.873242 -0.424741 0.238837 0.484238 0.811133 -0.32799 -0.291122 -5.59357 -1.71781  
PAIR   387 S   354 2   P   g c  C4   O2* RT 0.0543215 -0.40506 -0.912675 0.00964679 0.914195 -0.405161 0.998477 0.0132045 0.0535679 0.561965 3.34196 -1.68714  
PAIR   397 S    31 P   P   u a  C2   O2P RT 0.469756 0.581633 -0.664103 -0.861313 0.137017 -0.489251 -0.193571 0.801829 0.565332 0.242711 3.36732 1.6809  RT 0.469756 -0.827859 -0.306561 -0.861313 -0.505946 0.0464673 -0.193571 0.242216 -0.950716 0.242711 3.36732 1.6809  
PAIR   741 S   726 P   P   g g  C4   O2P RT -0.320485 0.400886 -0.858243 -0.532303 -0.825665 -0.186896 -0.783545 0.396948 0.478006 2.0641 4.40483 0.232744  RT -0.320485 -0.945012 -0.065134 -0.532303 0.122791 0.837601 -0.783545 0.303109 -0.542385 2.0641 4.40483 0.232744  
PAIR   792 S  1515 2   P   u g  C2   O2* RT -0.390283 0.854998 -0.341551 -0.132483 0.314959 0.939814 0.911113 0.412043 -0.00965077 -1.28237 -0.535277 -2.85444  
PAIR   898 W   769 2   A   c c  C2   O2* RT -0.861704 0.489348 -0.134182 0.471191 0.673588 -0.569437 -0.188269 -0.553911 -0.81101 3.08571 -0.403709 -0.688472  
PAIR  1432 S   334 2   P   a c  C4   O2* RT -0.590657 -0.737418 0.327625 -0.794776 0.461474 -0.394173 0.13948 -0.49321 -0.858656 -0.251079 3.52926 -0.448745  
PAIR  1509 S   813 2   P   c a  C2   O2* RT -0.403308 -0.888619 0.2184 -0.91007 0.364613 -0.197054 0.0954741 -0.278233 -0.955757 0.295598 3.84912 -0.375174  
PAIR    11 W    34 W   A   g c  C4   C2  RT -0.991747 0.0598578 0.113382 0.0383211 0.982293 -0.183389 -0.122352 -0.177531 -0.97648 6.21286 0.440535 0.0332802  
PAIR    13 W    32 W   A   a u  C4   C2  RT -0.98835 0.0692398 -0.135539 0.0761892 0.995996 -0.0467684 0.131758 -0.0565502 -0.989668 6.0737 0.55531 -0.348703  
PAIR    14 W    31 W   A   c g  C2   C4  RT -0.99275 0.0435107 -0.112047 0.0530343 0.995098 -0.0834683 0.107866 -0.0888055 -0.990191 6.17108 -0.48021 -0.609173  
PAIR     6 W    16 W   A   g c  C4   C2  RT -0.996883 0.0670677 0.0415416 0.0503475 0.94625 -0.319493 -0.0607364 -0.316406 -0.946678 6.16172 0.0554208 -0.431094  
PAIR     9 W    36 W   A   g c  C4   C2  RT -0.990611 0.110035 0.0811294 0.103239 0.99113 -0.0836788 -0.0896174 -0.0745175 -0.993185 6.19835 0.120308 0.13209  
PAIR    12 W    33 W   A   c g  C2   C4  RT -0.993042 0.0956206 -0.0687289 0.103275 0.98761 -0.118157 0.0565791 -0.124433 -0.990614 6.18828 -0.859558 -0.311937  
PAIR    10 W    35 W   A   u a  C2   C4  RT -0.992495 0.12208 -0.00701081 0.122029 0.98513 -0.120943 -0.00785817 -0.120891 -0.992635 6.14488 -1.26168 -0.181387  
PAIR     1 S    15 S   A   u g  C2   C4  RT 0.96623 -0.118327 -0.228906 -0.102621 -0.991548 0.0793857 -0.236365 -0.0532144 -0.970206 -0.72455 5.22559 2.3097  
PAIR     3 S    13 S   A   g u  C4   C2  RT 0.959881 -0.0830129 -0.267838 -0.0928375 -0.995387 -0.0242046 -0.264593 0.048099 -0.96316 1.81205 5.22029 1.73753  
PAIR     5 W    20 W   A   c g  C2   C4  RT -0.999028 0.00697306 0.0435185 -0.0132314 0.894407 -0.447058 -0.0420407 -0.447199 -0.893446 6.26455 0.0758342 -0.291551  
PAIR     1 W    24 W   A   a u  C4   C2  RT -0.961076 0.0457869 -0.272463 0.0794263 0.99033 -0.113742 0.264621 -0.130956 -0.95542 6.23927 -0.335384 -0.783894  
PAIR     3 W    22 W   A   c g  C2   C4  RT -0.985238 0.170894 -0.0100739 0.165424 0.935255 -0.312942 -0.0440583 -0.309988 -0.949719 5.93615 0.676956 -0.34279  
PAIR    10 W    15 W   A   g u  C4   C2  RT -0.979785 0.186836 0.0715025 0.129416 0.864524 -0.485644 -0.152552 -0.466573 -0.871228 5.98511 -1.48081 -0.522595  
PAIR     1 W    14 W   A   c g  C2   C4  RT -0.975847 0.0699595 -0.206948 0.12024 0.962933 -0.24146 0.182385 -0.260512 -0.948087 6.08772 -0.723779 -0.956166  
PAIR     4 W    10 W   A   g c  C4   C2  RT -0.985442 0.151941 0.0762689 0.135591 0.973042 -0.186559 -0.102559 -0.173502 -0.979479 6.15925 -0.0993783 -0.0523285  
PAIR     2 W    13 W   A   c g  C2   C4  RT -0.967645 0.087623 -0.236614 0.176134 0.906047 -0.38478 0.180668 -0.414006 -0.892165 6.08031 -1.30639 -1.12446  
PAIR     6 W     9 W   A   g c  C4   C2  RT -0.956125 0.234894 0.175068 0.170759 0.932426 -0.31847 -0.238045 -0.274602 -0.931627 6.10651 -0.159778 0.002399  
PAIR     7 W     8 W   A   g c  C4   C2  RT -0.966054 0.160453 0.202469 0.0711102 0.918618 -0.388696 -0.248359 -0.361104 -0.898845 6.03392 0.483531 0.17699  
PAIR     3 W    11 W   A   c g  C2   C4  RT -0.987967 0.154171 -0.0123765 0.153846 0.971345 -0.181161 -0.0159078 -0.180885 -0.983376 5.97902 -0.83129 -0.1861  
PAIR    52 W    64 W   A   u g  C2   C4  RT -0.993577 0.104003 0.0445851 0.0909158 0.968294 -0.232681 -0.0673711 -0.227133 -0.971531 5.87693 1.40128 0.0708519  
PAIR     2 W    15 W   A   c g  C2   C4  RT -0.992422 0.0789276 -0.0941708 0.10206 0.956277 -0.274076 0.0684213 -0.28161 -0.957086 5.96097 -0.94887 -0.497072  
PAIR     7 W    10 W   A   g c  C4   C2  RT -0.992656 0.113081 0.0429648 0.0841555 0.90069 -0.426235 -0.0868968 -0.419489 -0.903592 6.20469 0.181432 -0.343764  
PAIR     1 W    16 W   A   g c  C4   C2  RT -0.995985 0.0893618 0.00526698 0.0847386 0.960153 -0.266318 -0.0288558 -0.264803 -0.963871 5.93714 -0.157704 -0.68535  
PAIR     8 W     9 W   A   c g  C2   C4  RT -0.985336 0.153793 0.0738957 0.125911 0.947666 -0.293385 -0.115149 -0.279779 -0.953134 6.12136 -0.680206 0.358691  
PAIR     3 W    14 W   A   u g  C2   C4  RT -0.993874 0.107621 -0.025131 0.110513 0.969413 -0.219146 0.000777638 -0.220581 -0.975368 6.05371 1.27406 -0.623239  
PAIR     6 W    11 W   A   g u  C4   C2  RT -0.99241 0.0953381 -0.0776697 0.106253 0.98276 -0.151306 0.0619054 -0.15841 -0.985431 5.74543 -1.98502 -0.774186  
PAIR     5 W    12 W   A   c u  C2   C2  RT -0.574867 0.78802 -0.220345 0.811761 0.583082 -0.0325616 0.10282 -0.197586 -0.974878 6.48562 -2.66337 -0.957498  
PAIR     2 W    13 W   A   a u  C4   C2  RT -0.999728 0.00790137 0.0219573 0.00286523 0.975375 -0.220534 -0.0231592 -0.220411 -0.975132 6.00813 0.62962 -0.275442  
PAIR     7 W     8 W   A   c g  C2   C4  RT -0.991269 0.0945494 -0.0918992 0.098786 0.994193 -0.0426903 0.0873292 -0.051396 -0.994853 6.14598 -0.679064 -0.614467  
PAIR     4 W    11 W   A   c g  C2   C4  RT -0.987973 0.120435 -0.0969749 0.134694 0.978331 -0.157243 0.0759361 -0.168413 -0.982787 6.12171 -0.811939 -0.653581  
PAIR     1 W    14 W   A   u a  C2   C4  RT -0.994821 0.100571 -0.0147257 0.10157 0.989125 -0.106372 0.00386758 -0.107317 -0.994217 6.08651 -1.09693 -0.30892  
PAIR     3 W    12 W   A   g c  C4   C2  RT -0.985351 0.170535 -0.000751505 0.168553 0.973212 -0.156356 -0.0259328 -0.154192 -0.9877 6.11935 -0.0705924 -0.211764  
PAIR     2 W    15 W   A   u a  C2   C4  RT -0.986052 -0.0505473 -0.158577 0.0284006 0.887695 -0.459555 0.163997 -0.457649 -0.873878 5.86062 -0.610724 -0.557949  
PAIR     7 W    10 W   A   a u  C4   C2  RT -0.975145 0.0565941 0.214216 -0.0494741 0.8868 -0.459498 -0.215972 -0.458676 -0.861959 5.91242 0.503304 0.137231  
PAIR     5 W    14 W   A   c g  C2   C4  RT -0.995166 0.0770419 -0.0608989 0.0797655 0.995858 -0.0436314 0.0572852 -0.0482781 -0.99719 6.11821 -0.795134 -0.402201  
PAIR     6 W    13 W   A   g c  C4   C2  RT -0.996111 0.081373 0.0337896 0.0812025 0.996677 -0.00639123 -0.0341974 -0.00362257 -0.999409 6.18692 0.285371 -0.0517917  
PAIR     1 W    16 W   A   g c  C4   C2  RT -0.988822 0.124951 -0.0813557 0.1471 0.906642 -0.395427 0.0243517 -0.402974 -0.914887 6.159 -0.0704622 -0.137277  
PAIR     8 W     9 W   A   c g  C2   C4  RT -0.983347 0.170629 0.0625699 0.134837 0.915803 -0.378317 -0.121854 -0.36358 -0.923559 6.05541 -0.791616 0.404593  
PAIR     7 S    12 W   A   a u  C4   C2  RT -0.292676 -0.896805 -0.331785 -0.869511 0.105234 0.482573 -0.397859 0.429728 -0.810581 0.0580274 4.52166 1.33973  
PAIR     4 W    15 S   A   u a  C2   C4  RT -0.257508 -0.908701 -0.32856 -0.892391 0.0932437 0.441525 -0.370578 0.4069 -0.834928 4.52542 -0.970116 -0.675777  
PAIR     2 W    15 W   A   u a  C2   C4  RT -0.9981 0.0545178 -0.028693 0.0603705 0.958367 -0.279086 0.0122833 -0.280288 -0.959837 5.96692 -0.851217 0.0928618  
PAIR     1 W    16 W   A   g c  C4   C2  RT -0.993689 0.0942902 -0.060756 0.110767 0.910227 -0.39902 0.0176781 -0.403232 -0.914927 6.13523 -0.0675375 -0.177611  
PAIR     3 W    20 W   A   c g  C2   C4  RT -0.989537 0.0745647 -0.123521 0.0968407 0.97786 -0.185503 0.106954 -0.195524 -0.974849 6.00648 -0.695511 -0.75938  
PAIR     4 W    19 W   A   a u  C4   C2  RT -0.99044 0.0945097 0.100485 0.0799807 0.986929 -0.139905 -0.112394 -0.13053 -0.985053 6.13403 0.400823 0.0880448  
PAIR     2 W    21 W   A   g c  C4   C2  RT -0.996211 0.0684864 -0.0535986 0.0772922 0.979751 -0.184702 0.0398637 -0.188145 -0.981332 6.1673 0.0653937 -0.20209  
PAIR     8 W    15 W   A   g c  C4   C2  RT -0.976165 0.144477 0.161953 0.10281 0.965015 -0.241198 -0.191134 -0.218799 -0.956867 6.18263 0.327008 0.47367  
PAIR     7 W    16 W   A   g c  C4   C2  RT -0.969999 0.147696 0.193103 0.100368 0.966739 -0.235251 -0.221425 -0.208812 -0.952559 6.20297 0.17593 0.121422  
PAIR    11 S    10 2   P   g c  C4   O2* RT -0.581356 -0.7857 -0.211425 -0.574235 0.580292 -0.577508 0.576436 -0.21433 -0.788533 2.06572 4.39115 -0.81162  
PAIR     5 W    22 W   A   a u  C4   C2  RT -0.99661 0.0784096 -0.0249092 0.0815575 0.981387 -0.173863 0.010813 -0.175305 -0.984455 6.10992 0.559078 -0.17191  
PAIR     3 W    24 W   A   c g  C2   C4  RT -0.996118 0.0740791 0.0475577 0.0675719 0.98969 -0.126285 -0.0564225 -0.122581 -0.990853 6.12911 -0.590013 0.236439  
PAIR     1 W    26 W   A   g c  C4   C2  RT -0.983957 0.0938745 0.151712 0.0549371 0.96848 -0.242959 -0.169738 -0.230726 -0.958099 6.13249 0.0674273 0.0218622  
PAIR     4 W    23 W   A   c g  C2   C4  RT -0.991795 0.119768 -0.0447123 0.124939 0.982165 -0.140508 0.0270865 -0.144942 -0.989069 6.12576 -0.951456 -0.193601  
PAIR    13 W    17 W   A   g c  C4   C2  RT -0.987373 0.118137 0.105541 0.0853711 0.958024 -0.273683 -0.133443 -0.261217 -0.956012 6.22789 0.317518 -0.1162  
PAIR    14 W    16 W   A   c g  C2   C4  RT -0.975103 0.162236 0.151172 0.13346 0.973786 -0.184197 -0.177093 -0.159435 -0.971194 6.10594 -1.00893 0.819475  
PAIR     2 W    25 W   A   g c  C4   C2  RT -0.940084 0.227699 0.253763 0.163936 0.954491 -0.249142 -0.298944 -0.192613 -0.93463 6.24945 -0.206256 0.291123  
PAIR     9 H     8 P   A   c u  C2   O1P RT 0.962049 0.267505 0.0538695 0.261874 -0.849604 -0.457816 -0.0767005 0.454549 -0.887413 -1.18108 -5.69324 0.556595  RT 0.962049 -0.136331 0.236378 0.261874 0.70476 -0.659344 -0.0767005 0.696223 0.713716 -1.18108 -5.69324 0.556595  
PAIR     5 W    12 W   A   g c  C4   C2  RT -0.989134 0.096329 0.111062 0.0786252 0.984933 -0.154029 -0.124226 -0.143623 -0.981805 6.21326 0.199109 -0.166804  
PAIR     8 W     9 W   A   g c  C4   C2  RT -0.966431 0.162113 0.199327 0.116188 0.967707 -0.223704 -0.229155 -0.193035 -0.954057 6.16256 0.213336 0.168253  
PAIR     6 W    11 W   A   g c  C4   C2  RT -0.976704 0.151786 0.151692 0.128206 0.979603 -0.154728 -0.172083 -0.131675 -0.976242 6.21876 0.0521379 -0.10315  
PAIR     4 W    13 W   A   c g  C2   C4  RT -0.988214 0.123301 -0.0907235 0.138323 0.973115 -0.184155 0.0655781 -0.194533 -0.978701 6.0601 -1.07277 -0.460194  
PAIR     7 W    10 W   A   g c  C4   C2  RT -0.954881 0.184253 0.232924 0.145021 0.9737 -0.175721 -0.259175 -0.134014 -0.956487 6.08682 0.0198548 0.359895  
PAIR     3 W    14 W   A   c g  C2   C4  RT -0.97631 0.163648 -0.141558 0.18617 0.968715 -0.16411 0.110273 -0.186576 -0.976232 6.0631 -1.15867 -0.721214  
PAIR     2 W     3 W   A   c g  C2   C4  RT -0.962881 0.239901 -0.123725 0.222231 0.96473 0.141102 0.153212 0.108369 -0.982233 6.07292 -0.703822 -0.449901  
PAIR     1 W     4 W   A   g c  C4   C2  RT -0.983243 0.159182 0.0888503 0.153839 0.986015 -0.0640988 -0.0978111 -0.0493561 -0.99398 6.15967 -0.0253266 -0.0115216  
PAIR    14 W    24 W   A   u a  C2   C4  RT -0.991445 3.67763e-05 -0.130527 0.0290828 0.974924 -0.22063 0.127246 -0.222538 -0.966584 6.06384 -1.10204 -0.784967  
PAIR     3 W    35 W   A   c g  C2   C4  RT -0.98387 0.00555871 0.178796 0.0107615 0.999546 0.0281422 -0.178559 0.0296124 -0.983484 6.10531 0.086866 0.405403  
PAIR    11 W    27 W   A   g c  C4   C2  RT -0.982735 0.181662 0.0350725 0.176413 0.97718 -0.118311 -0.0557647 -0.110081 -0.992357 6.33604 0.0398256 -0.37159  
PAIR     9 W    29 H   A   u a  C2   C4  RT 0.150945 0.935574 -0.319243 0.963919 -0.210928 -0.162385 -0.219261 -0.283214 -0.933657 5.47744 -0.534695 -1.06091  
PAIR     5 H    33 W   A   a u  C4   C2  RT 0.192049 0.956692 -0.218763 0.932747 -0.247245 -0.2624 -0.305124 -0.153657 -0.939834 -0.195123 -5.77171 0.324291  
PAIR    12 W    26 W   A   u g  C2   C4  RT -0.974624 0.039252 -0.220381 0.0666124 0.990762 -0.118126 0.213708 -0.129808 -0.968235 5.89592 1.35335 -1.12444  
PAIR    13 W    25 W   A   g u  C4   C2  RT -0.99886 0.0464829 0.010858 0.0438271 0.983191 -0.177239 -0.018914 -0.176561 -0.984108 5.80514 -2.06866 -0.091665  
PAIR    10 H    28 S   A   a g  C4   C4  RT -0.993994 -0.0288657 0.105559 -0.0272608 0.99949 0.0166152 -0.105985 0.0136378 -0.994274 2.38903 -6.6028 -0.308215  
PAIR     4 S    34 H   A   g a  C4   C4  RT -0.999725 -0.00373344 -0.0231423 -0.00533665 0.99756 0.0696066 0.022826 0.069711 -0.997306 2.32913 6.72496 -0.103192  
PAIR     6 H    32 W   A   u g  C2   C4  RT -0.386137 0.922371 -0.0113719 0.904009 0.375941 -0.203559 -0.183481 -0.0888818 -0.978997 3.32954 -8.07686 0.460546  
PAIR     8 W    31 W   A   g a  C4   C4  RT -0.957039 0.289789 -0.0099349 0.283436 0.942184 0.178754 0.0611614 0.168258 -0.983844 7.51366 -0.174743 2.51503  
PAIR    10 W    28 2   A   a g  C4   O2* RT 0.138779 0.917652 0.372363 0.99032 -0.127675 -0.0544486 -0.00242342 0.376315 -0.926488 4.84001 -3.45321 1.38012  
PAIR     3 W    34 W   A   g c  C4   C2  RT -0.993028 0.0898323 0.0763214 0.0764965 0.983728 -0.162568 -0.0896833 -0.155596 -0.983741 6.18166 0.246146 0.0229626  
PAIR     2 W    35 W   A   g c  C4   C2  RT -0.988835 0.075705 0.128351 0.0400946 0.964739 -0.260136 -0.143519 -0.252085 -0.957003 6.18153 0.154266 0.0757396  
PAIR     4 W    33 W   A   g c  C4   C2  RT -0.992822 0.106823 -0.0537825 0.117036 0.960364 -0.252991 0.0246255 -0.25747 -0.965973 6.18944 0.179507 -0.0414335  
PAIR     5 W    32 W   A   u a  C2   C4  RT -0.988571 0.142458 -0.0493271 0.150749 0.937204 -0.31452 0.00142382 -0.318361 -0.947969 6.08712 -1.10938 0.0811995  
PAIR     1 W    36 W   A   g c  C4   C2  RT -0.982615 0.140948 0.120835 0.137767 0.98987 -0.0343265 -0.124449 -0.0170826 -0.992079 6.20933 -0.0946496 0.13152  
PAIR    10 W    30 W   A   u a  C2   C4  RT -0.990974 0.0115282 -0.133561 0.0483121 0.96006 -0.275591 0.12505 -0.279556 -0.951951 5.99915 -0.637846 -0.518316  
PAIR    15 W    25 W   A   u a  C2   C4  RT -0.996857 0.0464835 -0.0641534 0.0511243 0.996043 -0.0727019 0.06052 -0.0757532 -0.995288 5.97458 -0.957845 -0.205869  
PAIR     5 W    61 W   A   u a  C2   C4  RT -0.991373 0.0977995 0.0872621 0.0588232 0.926934 -0.370585 -0.117129 -0.362254 -0.92469 6.03394 -0.636794 0.0687581  
PAIR     4 W    62 W   A   a u  C4   C2  RT -0.989291 0.101548 0.104838 0.0762992 0.972138 -0.221643 -0.124424 -0.21127 -0.969476 6.05514 0.362067 0.0210571  
PAIR    13 W    27 W   A   c g  C2   C4  RT -0.994368 0.0878615 -0.0592658 0.0911165 0.994339 -0.0546564 0.0541281 -0.0597487 -0.996745 6.12612 -0.951555 -0.241412  
PAIR    43 W    53 W   A   c g  C2   C4  RT -0.988938 0.0852984 -0.121349 0.11082 0.968675 -0.222233 0.0985918 -0.233223 -0.967412 6.05183 -0.979009 -0.522242  
PAIR    12 W    28 W   A   g c  C4   C2  RT -0.989005 0.120362 0.0859232 0.104872 0.980474 -0.166351 -0.104268 -0.155511 -0.982316 6.17564 0.149992 0.102498  
PAIR    39 W    57 W   A   c g  C2   C4  RT -0.994785 0.0932795 0.0412586 0.0840626 0.978891 -0.186295 -0.0577652 -0.181855 -0.981627 6.08649 -0.987504 -0.00571571  
PAIR    16 W    24 W   A   g c  C4   C2  RT -0.992989 0.0847143 -0.0824398 0.0906354 0.993354 -0.0709447 0.0758818 -0.0779193 -0.994068 6.1275 0.369963 -0.346106  
PAIR    23 W    45 W   A   g c  C4   C2  RT -0.94012 0.0727916 -0.33298 0.134658 0.976777 -0.166657 0.313116 -0.201516 -0.92809 6.10846 0.154555 -0.880707  
PAIR    44 W    52 W   A   a u  C4   C2  RT -0.988736 0.107703 0.10393 0.0731662 0.953576 -0.292129 -0.130568 -0.281235 -0.950715 6.13543 0.522593 -0.170085  
PAIR    31 W    38 W   A   g c  C4   C2  RT -0.900027 0.134736 0.414485 0.0999094 0.989473 -0.104701 -0.424228 -0.0528224 -0.904013 6.15137 0.120409 0.884309  
PAIR    14 W    26 W   A   g c  C4   C2  RT -0.990094 0.137097 -0.0302965 0.140395 0.964143 -0.225205 -0.00166492 -0.227228 -0.97384 6.14448 -0.155116 -0.425458  
PAIR    22 W    46 W   A   g c  C4   C2  RT -0.976122 0.199063 -0.0869481 0.213408 0.953496 -0.212845 0.0405351 -0.226318 -0.97321 6.25647 -0.0337884 0.110812  
PAIR    19 W    50 H   A   u a  C2   C4  RT 0.284838 0.958421 -0.017229 0.957169 -0.285348 -0.0490387 -0.051916 -0.00252291 -0.998648 5.66065 -1.36695 -0.360997  
PAIR    34 W    61 S   A   u a  C2   C4  RT -0.14545 -0.84355 -0.516979 -0.985371 0.170421 -0.000844058 0.088816 0.509293 -0.855998 4.40708 -0.657924 -1.5862  
PAIR    32 W    36 H   A   u u  C2   C2  RT -0.0470973 0.986774 0.155108 0.645256 -0.0884804 0.758825 0.762513 0.135823 -0.632555 6.95683 -1.9778 -0.335674  
PAIR    18 W    22 S   A   a g  C4   C4  RT 0.825931 -0.48908 -0.280427 -0.493697 -0.867622 0.0591141 -0.272217 0.089622 -0.958053 3.63632 4.83528 -2.31663  
PAIR    11 W    29 W   A   c a  C2   C4  RT -0.998734 -0.0464387 -0.0193203 -0.0391721 0.959095 -0.280361 0.0315496 -0.27925 -0.9597 6.16271 -2.32148 -0.156985  
PAIR    20 H    49 W   A   a a  C4   C4  RT 0.299298 0.951687 0.0686515 0.952607 -0.30214 0.0353771 0.0544103 0.0548096 -0.997013 0.741656 -8.09686 0.0563191  
