   0.0551990456   -0.0031735592   -0.0001795881    0.0013442124    0.0000272584    0.0012005608   -0.0098042220 
  -0.0031735592    0.0046336449   -0.0000580653   -0.0003674835    0.0003642236   -0.0001393251    0.0005842534 
  -0.0001795881   -0.0000580653    0.0022979197    0.0000331083   -0.0002148370   -0.0004180820   -0.0001076517 
   0.0013442124   -0.0003674835    0.0000331083    0.0041046012    0.0005789613    0.0019702317   -0.0007838182 
   0.0000272584    0.0003642236   -0.0002148370    0.0005789613    0.0028483895    0.0011524157   -0.0008163736 
   0.0012005608   -0.0001393251   -0.0004180820    0.0019702317    0.0011524157    0.0162755624   -0.0026748115 
  -0.0098042220    0.0005842534   -0.0001076517   -0.0007838182   -0.0008163736   -0.0026748115    0.0605956573 
