SS cen6   A      C      E      D      G      F      I      H      K      M      L      N      Q      P      S      R      T      W      V      Ys
H  1 0.0235 0.0019 0.2373 0.0851 0.0009 0.0163 0.0190 0.0227 0.1707 0.0190 0.0514 0.0441 0.1003 0.0034 0.0209 0.1187 0.0214 0.0082 0.0156 0.0197
H  2 0.0622 0.0033 0.1661 0.0870 0.0058 0.0254 0.0285 0.0253 0.1179 0.0187 0.0640 0.0469 0.0745 0.0269 0.0471 0.0993 0.0378 0.0109 0.0276 0.0247
H  3 0.0921 0.0059 0.1093 0.0645 0.0184 0.0398 0.0441 0.0254 0.0791 0.0232 0.0914 0.0389 0.0548 0.0372 0.0591 0.0781 0.0452 0.0164 0.0407 0.0365
H  4 0.1061 0.0103 0.0663 0.0451 0.0319 0.0549 0.0642 0.0251 0.0490 0.0304 0.1314 0.0313 0.0378 0.0305 0.0534 0.0575 0.0451 0.0215 0.0604 0.0479
H  5 0.1279 0.0152 0.0394 0.0304 0.0429 0.0591 0.0840 0.0204 0.0261 0.0341 0.1668 0.0247 0.0266 0.0248 0.0481 0.0372 0.0436 0.0199 0.0810 0.0480
H  6 0.1671 0.0189 0.0255 0.0227 0.0563 0.0504 0.0911 0.0154 0.0127 0.0343 0.1831 0.0193 0.0178 0.0214 0.0488 0.0204 0.0441 0.0140 0.0996 0.0371
H  7 0.2153 0.0218 0.0147 0.0177 0.0812 0.0353 0.0930 0.0106 0.0057 0.0294 0.1776 0.0150 0.0107 0.0201 0.0513 0.0112 0.0458 0.0081 0.1127 0.0229
H  8 0.2656 0.0206 0.0090 0.0133 0.1155 0.0221 0.0843 0.0070 0.0026 0.0215 0.1591 0.0126 0.0077 0.0191 0.0542 0.0057 0.0476 0.0039 0.1161 0.0125
H  9 0.3000 0.0181 0.0052 0.0099 0.1693 0.0120 0.0761 0.0045 0.0016 0.0129 0.1253 0.0109 0.0036 0.0147 0.0582 0.0024 0.0503 0.0013 0.1179 0.0060
H 10 0.3433 0.0155 0.0022 0.0073 0.2376 0.0059 0.0561 0.0021 0.0002 0.0071 0.0912 0.0070 0.0027 0.0098 0.0518 0.0005 0.0521 0.0003 0.1045 0.0029
E  1 0.0132 0.0033 0.1456 0.0497 0.0028 0.0335 0.0251 0.0343 0.1937 0.0139 0.0261 0.0346 0.0713 0.0036 0.0371 0.1676 0.0551 0.0129 0.0404 0.0361
E  2 0.0277 0.0046 0.1192 0.0560 0.0073 0.0356 0.0411 0.0335 0.1253 0.0162 0.0408 0.0413 0.0617 0.0190 0.0610 0.1040 0.0909 0.0117 0.0643 0.0386
E  3 0.0379 0.0082 0.0897 0.0511 0.0183 0.0443 0.0545 0.0317 0.0901 0.0171 0.0558 0.0395 0.0455 0.0296 0.0661 0.0804 0.0957 0.0163 0.0835 0.0447
E  4 0.0532 0.0143 0.0575 0.0405 0.0352 0.0633 0.0743 0.0291 0.0564 0.0206 0.0802 0.0320 0.0336 0.0246 0.0604 0.0580 0.0795 0.0213 0.1088 0.0572
E  5 0.0706 0.0203 0.0313 0.0298 0.0481 0.0727 0.1026 0.0237 0.0288 0.0238 0.1075 0.0246 0.0220 0.0202 0.0510 0.0365 0.0598 0.0223 0.1424 0.0620
E  6 0.0819 0.0233 0.0191 0.0211 0.0602 0.0666 0.1285 0.0172 0.0142 0.0253 0.1367 0.0180 0.0145 0.0176 0.0415 0.0226 0.0478 0.0187 0.1736 0.0513
E  7 0.0824 0.0237 0.0138 0.0163 0.0806 0.0538 0.1492 0.0126 0.0074 0.0268 0.1592 0.0152 0.0105 0.0176 0.0344 0.0138 0.0402 0.0126 0.1931 0.0367
E  8 0.0815 0.0230 0.0115 0.0142 0.1065 0.0370 0.1676 0.0092 0.0049 0.0268 0.1700 0.0120 0.0082 0.0193 0.0302 0.0086 0.0344 0.0084 0.2025 0.0239
E  9 0.0754 0.0215 0.0095 0.0131 0.1386 0.0247 0.1780 0.0076 0.0034 0.0290 0.1792 0.0106 0.0066 0.0182 0.0250 0.0047 0.0358 0.0049 0.2007 0.0134
E 10 0.0869 0.0207 0.0119 0.0102 0.2263 0.0196 0.1868 0.0053 0.0032 0.0231 0.1689 0.0077 0.0049 0.0168 0.0182 0.0046 0.0357 0.0007 0.1416 0.0070
L  1 0.0259 0.0029 0.1552 0.1033 0.0220 0.0192 0.0153 0.0370 0.1683 0.0185 0.0344 0.0837 0.0715 0.0144 0.0396 0.1025 0.0368 0.0077 0.0218 0.0201
L  2 0.0474 0.0039 0.1002 0.1133 0.0761 0.0193 0.0175 0.0295 0.1015 0.0147 0.0336 0.0829 0.0506 0.0664 0.0655 0.0711 0.0529 0.0068 0.0265 0.0201
L  3 0.0549 0.0060 0.0639 0.0999 0.1233 0.0239 0.0211 0.0247 0.0640 0.0142 0.0379 0.0705 0.0363 0.0975 0.0813 0.0525 0.0651 0.0083 0.0311 0.0235
L  4 0.0634 0.0104 0.0418 0.0834 0.1423 0.0347 0.0300 0.0257 0.0399 0.0163 0.0548 0.0601 0.0276 0.0924 0.0848 0.0404 0.0667 0.0123 0.0401 0.0330
L  5 0.0744 0.0175 0.0283 0.0626 0.1421 0.0450 0.0439 0.0259 0.0235 0.0202 0.0770 0.0480 0.0206 0.0903 0.0786 0.0303 0.0626 0.0153 0.0545 0.0394
L  6 0.0837 0.0242 0.0200 0.0466 0.1448 0.0467 0.0569 0.0238 0.0127 0.0225 0.1033 0.0392 0.0152 0.0859 0.0734 0.0205 0.0602 0.0142 0.0711 0.0351
L  7 0.0934 0.0290 0.0142 0.0376 0.1612 0.0387 0.0683 0.0210 0.0061 0.0227 0.1246 0.0321 0.0108 0.0822 0.0699 0.0124 0.0587 0.0096 0.0819 0.0255
L  8 0.1031 0.0320 0.0100 0.0315 0.1907 0.0303 0.0752 0.0156 0.0031 0.0195 0.1372 0.0259 0.0079 0.0772 0.0647 0.0065 0.0578 0.0051 0.0897 0.0169
L  9 0.1118 0.0352 0.0084 0.0256 0.2331 0.0220 0.0765 0.0116 0.0023 0.0146 0.1392 0.0214 0.0067 0.0638 0.0615 0.0033 0.0616 0.0023 0.0894 0.0096
L 10 0.1096 0.0268 0.0095 0.0202 0.2959 0.0124 0.0786 0.0093 0.0008 0.0141 0.1231 0.0166 0.0034 0.0546 0.0590 0.0015 0.0630 0.0011 0.0944 0.0063
