PAIR  1454 W  1471 W   A   a u  Y    Y   RT -0.0305501 -0.999159 0.0273662 -0.999459 0.030203 -0.0130088 0.0121713 -0.0277489 -0.999541 -4.09066 -4.07433 -0.0488031  
PAIR  1052 W  1224 W   A   a u  Y    Y   RT -0.126663 -0.991785 -0.0178346 -0.958937 0.117829 0.257986 -0.253765 0.0497796 -0.965984 -4.18475 -4.1385 -0.359813  
PAIR   608 W  2021 W   A   u a  Y    Y   RT 0.0103013 -0.997524 0.0695626 -0.953912 0.0110614 0.299881 -0.299908 -0.0694458 -0.951437 -4.14691 -3.79561 -1.55105  
PAIR  1121 W  1145 W   A   a u  Y    Y   RT -0.0665371 -0.97081 -0.230434 -0.964103 0.0030554 0.265509 -0.257055 0.239829 -0.936165 -4.39627 -4.085 -1.12404  
PAIR  1101 W  1182 W   A   u a  Y    Y   RT 0.0226604 -0.988008 -0.152729 -0.997633 -0.0322674 0.0607198 -0.0649198 0.150991 -0.986401 -4.0643 -4.03002 0.160827  
PAIR  2466 W  2482 W   A   a u  Y    Y   RT -0.0725021 -0.997363 0.00313056 -0.993514 0.0724972 0.0875981 -0.0875941 0.00324079 -0.996151 -4.10984 -4.30171 -0.297293  
PAIR   761 W   876 W   A   a u  Y    Y   RT 0.01259 -0.975216 -0.220896 -0.921509 -0.0970711 0.37603 -0.388153 0.198824 -0.899893 -3.79223 -4.19896 -1.04388  
PAIR  1479 W  1626 W   A   u a  Y    Y   RT 0.00349404 -0.986219 -0.165409 -0.999394 -0.00917047 0.0335663 -0.0346206 0.165192 -0.985654 -3.86177 -4.2007 0.23365  
PAIR  1267 W  1307 W   A   a u  Y    Y   RT 0.0488368 -0.968642 -0.243613 -0.98378 -0.0887986 0.155859 -0.172604 0.23205 -0.957267 -3.91747 -4.25032 -0.269155  
PAIR   562 W   573 W   A   a u  Y    Y   RT 0.069774 -0.98871 -0.132608 -0.992268 -0.0824657 0.0927559 -0.102644 0.125111 -0.986819 -3.82136 -4.031 -0.412027  
PAIR  2062 W  2312 W   A   u a  Y    Y   RT 0.060124 -0.988745 -0.136998 -0.986477 -0.0798206 0.14315 -0.152474 0.126539 -0.980173 -4.09499 -3.99149 -0.4248  
PAIR  2277 W  2298 W   A   u a  Y    Y   RT 0.029713 -0.971318 -0.235922 -0.969168 -0.0857534 0.230996 -0.244601 0.221784 -0.943918 -4.13211 -4.00844 -0.213813  
PAIR  1510 W  1594 W   A   a u  Y    Y   RT 0.0715517 -0.975671 -0.207233 -0.997175 -0.0747313 0.00754524 -0.0228485 0.206108 -0.978262 -3.75461 -4.32946 0.172437  
PAIR  2517 W  2648 W   A   a u  Y    Y   RT 0.0661503 -0.99693 -0.0418875 -0.973294 -0.0737166 0.217406 -0.219826 0.0263874 -0.975182 -3.71658 -4.13328 -0.353772  
PAIR  2076 W  2111 W   A   u a  Y    Y   RT 0.0450453 -0.984022 -0.172255 -0.99432 -0.0608069 0.0873462 -0.0964248 0.167342 -0.981172 -4.1424 -3.89302 -0.1186  
PAIR   556 W   580 W   A   u a  Y    Y   RT 0.0506173 -0.953144 -0.298254 -0.998623 -0.0441878 -0.0282656 0.013762 0.299274 -0.954068 -4.04576 -3.88487 0.89214  
PAIR   121 W   135 W   A   a u  Y    Y   RT 0.0517629 -0.95288 -0.298897 -0.991046 -0.0859012 0.102223 -0.123082 0.290929 -0.948794 -3.78242 -4.38449 -0.171193  
PAIR  2074 W  2113 W   A   u a  Y    Y   RT -0.0383747 -0.982223 -0.183756 -0.99205 0.0153928 0.124896 -0.119847 0.187088 -0.975005 -4.45958 -3.64228 0.320412  
PAIR  1792 W  1802 W   A   u a  Y    Y   RT 0.0970735 -0.991173 0.0902938 -0.972095 -0.0749549 0.22229 -0.21356 -0.109353 -0.97079 -3.96831 -4.00877 -0.718895  
PAIR  1511 W  1593 W   A   c g  Y    Y   RT -0.161284 -0.843206 -0.512826 -0.986908 0.137831 0.0837564 5.95502e-05 0.519621 -0.854397 -4.26309 -3.52206 1.23589  
PAIR  1327 W  2004 W   A   a u  Y    Y   RT 0.0782155 -0.971335 -0.224479 -0.983106 -0.112526 0.144364 -0.165485 0.209395 -0.963726 -3.59445 -4.22561 -0.112508  
PAIR   895 W  1258 W   A   a u  Y    Y   RT 0.0674676 -0.996809 0.0426645 -0.997463 -0.0683617 -0.0198551 0.0227084 -0.0412167 -0.998892 -3.59974 -4.41124 0.0847725  
PAIR  1746 W  1764 W   A   c g  Y    Y   RT -0.0802456 -0.962153 -0.260429 -0.97454 0.0208537 0.22324 -0.20936 0.271712 -0.93933 -4.22825 -3.96619 0.277245  
PAIR  1074 W  1209 W   A   a u  Y    Y   RT -0.00749819 -0.995374 -0.0957865 -0.943492 -0.0246946 0.330473 -0.33131 0.0928518 -0.938942 -3.66137 -4.4157 -0.963413  
PAIR  1104 W  1179 W   A   a u  Y    Y   RT 0.0836844 -0.990571 -0.108471 -0.985439 -0.0984322 0.138637 -0.148007 0.0952901 -0.984385 -3.68715 -4.28871 0.0822715  
PAIR  1720 W  1742 W   A   u a  Y    Y   RT 0.0780462 -0.972667 -0.218694 -0.990465 -0.10063 0.0940904 -0.113526 0.209265 -0.971247 -4.00331 -3.83056 0.248919  
PAIR  1234 W  1242 W   A   a u  Y    Y   RT 0.0800044 -0.994277 -0.0708011 -0.971142 -0.0937588 0.219298 -0.224681 0.0512131 -0.973086 -3.52285 -4.39067 -0.254799  
PAIR  1389 W  1397 W   A   u a  Y    Y   RT 0.0535819 -0.94146 -0.332839 -0.963477 -0.136323 0.230496 -0.262376 0.308332 -0.914379 -4.06272 -3.92916 -0.0401269  
PAIR   157 W   208 W   A   c g  Y    Y   RT -0.0369207 -0.995473 -0.0875751 -0.9488 0.00740868 0.315789 -0.313711 0.0947505 -0.944779 -4.01467 -3.83897 -0.0298282  
PAIR  2054 W  2321 W   A   u a  Y    Y   RT 0.0202135 -0.903748 -0.427588 -0.95594 -0.142747 0.256518 -0.292864 0.403564 -0.866814 -4.05402 -3.99499 0.0799257  
PAIR  1700 W  1985 W   A   u a  Y    Y   RT 0.0967453 -0.976863 -0.190734 -0.935831 -0.0240251 -0.35163 0.338912 0.212514 -0.916502 -4.0886 -3.57631 1.42833  
PAIR  2204 W  2266 W   A   a u  Y    Y   RT 0.123925 -0.98971 0.0715372 -0.970482 -0.105854 0.216702 -0.206899 -0.0962805 -0.973613 -3.52843 -4.31501 -0.783757  
PAIR    26 W   436 W   A   u a  Y    Y   RT 0.0893248 -0.957565 -0.274027 -0.983036 -0.129009 0.13037 -0.16019 0.257733 -0.952845 -4.04558 -3.98211 0.10644  
PAIR  1706 W  1981 W   A   a u  Y    Y   RT 0.13969 -0.918762 0.369274 -0.985231 -0.0916646 0.144632 -0.0990331 -0.384024 -0.917997 -3.46051 -4.417 -0.349157  
PAIR  1543 W  1570 W   A   c g  Y    Y   RT -0.00655206 -0.98798 -0.154443 -0.998228 0.0155958 -0.0574184 0.0591369 0.153793 -0.986332 -4.22178 -4.11196 0.62088  
PAIR  1696 W  1989 W   A   a u  Y    Y   RT 0.0842259 -0.973734 -0.211539 -0.978984 -0.120434 0.164577 -0.18573 0.193232 -0.963414 -3.60173 -4.43603 -0.0317569  
PAIR  1695 W  1990 W   A   a u  Y    Y   RT 0.070394 -0.976632 -0.203062 -0.961069 -0.120928 0.248439 -0.26719 0.177668 -0.947124 -3.50594 -4.39424 -0.086363  
PAIR  2224 W  2248 W   A   a u  Y    Y   RT 0.105972 -0.981513 -0.159379 -0.985042 -0.125522 0.11805 -0.135874 0.144485 -0.980134 -3.5534 -4.4842 -0.303764  
PAIR  1343 W  1359 W   A   u a  Y    Y   RT 0.0806265 -0.982802 -0.166132 -0.962691 -0.119977 0.242552 -0.258313 0.140377 -0.955808 -4.08872 -3.91733 -0.310863  
PAIR    66 W    93 W   A   u a  Y    Y   RT 0.0951014 -0.977084 -0.190428 -0.994312 -0.102453 0.0291153 -0.0479579 0.186576 -0.981269 -3.87317 -4.24825 0.319745  
PAIR   644 W   738 W   A   u a  Y    Y   RT 0.0831385 -0.96402 -0.252495 -0.978214 -0.127311 0.163978 -0.190223 0.233361 -0.953602 -3.8264 -4.28654 -0.279076  
PAIR   531 W   603 W   A   a u  Y    Y   RT 0.0985463 -0.985203 -0.140229 -0.991589 -0.109097 0.0696369 -0.083905 0.132187 -0.987667 -3.95938 -4.03385 -0.147187  
PAIR  2206 W  2264 W   A   a u  Y    Y   RT 0.118033 -0.979379 -0.163969 -0.983787 -0.137784 0.114794 -0.13502 0.147761 -0.979763 -3.42323 -4.372 -0.154911  
PAIR  1730 W  1844 W   A   u a  Y    Y   RT 0.127075 -0.990118 0.0593217 -0.943348 -0.102158 0.315687 -0.306507 -0.0960768 -0.947007 -3.94228 -4.01861 -0.583983  
PAIR   643 W   739 W   A   a u  Y    Y   RT 0.109656 -0.984058 -0.140021 -0.981413 -0.129512 0.141615 -0.157492 0.121889 -0.979969 -3.67618 -4.28764 -0.362589  
PAIR  1281 W  1296 W   A   a u  Y    Y   RT 0.107864 -0.983125 -0.147749 -0.98908 -0.121133 0.0839467 -0.100427 0.137081 -0.985456 -3.74537 -4.29034 -0.172107  
PAIR   205 W   213 W   A   a u  Y    Y   RT 0.0795297 -0.996813 0.00629218 -0.996334 -0.0792889 0.0321132 -0.031512 -0.00882307 -0.999464 -3.47761 -4.5072 0.378272  
PAIR   108 W   114 W   A   a u  Y    Y   RT 0.0908499 -0.952796 -0.289699 -0.995537 -0.094355 -0.00187551 -0.0255475 0.288576 -0.957116 -3.4445 -4.47338 0.244431  
PAIR   953 W   963 W   A   a u  Y    Y   RT 0.0772769 -0.946663 -0.312821 -0.995487 -0.0905963 0.0282464 -0.0550803 0.309227 -0.949392 -3.37398 -4.41604 0.59974  
PAIR  2713 W  2724 W   A   c g  Y    Y   RT -0.0169035 -0.99919 -0.0365276 -0.987192 0.010882 0.159163 -0.158636 0.0387502 -0.986576 -4.32489 -4.07665 -0.499552  
PAIR    30 W   432 W   A   g c  Y    Y   RT -0.0182624 -0.993391 -0.113317 -0.898273 -0.0334677 0.438162 -0.439058 0.109791 -0.891725 -3.79973 -4.04538 -0.609627  
PAIR   904 W   915 W   A   a u  Y    Y   RT 0.0670534 -0.9844 -0.162669 -0.967124 -0.104209 0.231973 -0.245306 0.141766 -0.959024 -3.46089 -4.47236 -0.293847  
PAIR  1781 W  1974 W   A   a u  Y    Y   RT 0.136807 -0.987102 0.0831518 -0.980881 -0.123259 0.1506 -0.138408 -0.102165 -0.985092 -3.4698 -4.30442 -0.287326  
PAIR  1477 W  1628 W   A   u a  Y    Y   RT 0.100602 -0.970597 -0.218681 -0.979225 -0.135488 0.150868 -0.176061 0.19896 -0.964063 -3.9318 -4.00838 0.0520763  
PAIR  2712 W  2725 W   A   u a  Y    Y   RT 0.122923 -0.953236 -0.276099 -0.992411 -0.118952 -0.0311508 -0.00314842 0.277833 -0.960624 -3.92067 -4.00018 0.720501  
PAIR  1856 W  1901 W   A   u a  Y    Y   RT 0.122291 -0.95685 -0.263598 -0.980529 -0.157594 0.117162 -0.153648 0.244137 -0.957491 -3.90746 -3.8227 0.0354632  
PAIR   789 W   800 W   A   u a  Y    Y   RT 0.12372 -0.9801 -0.15523 -0.977549 -0.147266 0.150697 -0.170559 0.133101 -0.976316 -3.88767 -4.05568 -0.404114  
PAIR   956 W   960 W   A   g c  Y    Y   RT -0.0605909 -0.987382 0.146303 -0.930037 0.109067 0.350907 -0.362437 -0.114806 -0.924911 -4.02679 -4.27416 -0.467945  
PAIR   313 W   330 W   A   g c  Y    Y   RT 0.0130578 -0.984699 -0.173772 -0.993066 -0.0330767 0.112811 -0.116832 0.171094 -0.978303 -4.04193 -4.16663 0.0219295  
PAIR   237 W   254 W   A   a u  Y    Y   RT 0.13917 -0.970354 0.197596 -0.983508 -0.112164 0.141883 -0.115513 -0.214083 -0.969962 -3.63089 -4.31284 -0.599326  
PAIR   771 W   851 W   A   c g  Y    Y   RT -0.00403105 -0.913311 -0.407242 -0.991535 -0.0492 0.120154 -0.129775 0.404279 -0.905382 -3.89186 -3.87429 0.642946  
PAIR  1859 W  1896 W   A   a u  Y    Y   RT 0.10246 -0.973843 -0.202809 -0.971731 -0.141583 0.188928 -0.2127 0.177719 -0.96082 -3.51332 -4.49836 -0.178653  
PAIR   825 W   834 W   A   u a  Y    Y   RT 0.1201 -0.992657 -0.0144559 -0.990779 -0.120767 0.0614127 -0.0627075 0.00694691 -0.998008 -3.89536 -4.19731 0.194153  
PAIR   612 W   621 W   A   u a  Y    Y   RT 0.0955294 -0.96065 -0.260817 -0.958253 -0.159684 0.237176 -0.269491 0.227272 -0.9358 -3.93964 -4.1161 -0.435158  
PAIR   896 W  1257 W   A   a u  Y    Y   RT 0.126466 -0.99117 -0.0398521 -0.98386 -0.130458 0.122476 -0.126594 0.0237198 -0.991671 -3.43895 -4.44217 0.212569  
PAIR  1266 W  1308 W   A   u a  Y    Y   RT 0.118748 -0.985373 -0.122223 -0.991993 -0.123065 0.0283704 -0.0429968 0.117876 -0.992097 -4.00798 -4.22416 0.122504  
PAIR  2278 W  2297 W   A   u a  Y    Y   RT 0.116524 -0.978317 -0.171226 -0.992881 -0.110458 -0.0445698 0.02469 0.175201 -0.984223 -3.61127 -4.3369 0.402468  
PAIR   276 W   354 W   A   c g  Y    Y   RT 0.01744 -0.972276 -0.233186 -0.99984 -0.0160598 -0.00781656 0.00385493 0.233285 -0.972401 -3.94002 -4.16561 0.348332  
PAIR   266 W   361 W   A   u a  Y    Y   RT 0.116445 -0.983354 -0.13948 -0.992195 -0.108868 -0.0607976 0.0446006 0.145471 -0.988357 -3.84031 -4.44735 0.19955  
PAIR   122 W   134 W   A   u a  Y    Y   RT 0.10954 -0.979639 -0.168254 -0.974455 -0.139226 0.176218 -0.196056 0.144653 -0.969865 -3.77376 -4.10782 -0.0977764  
PAIR  2008 W  2022 W   A   c g  Y    Y   RT 0.0245552 -0.784195 -0.620029 -0.999685 -0.0160999 -0.0192281 0.00509618 0.620306 -0.784343 -3.89289 -3.5548 1.35641  
PAIR    67 W    92 W   A   g c  Y    Y   RT 0.034867 -0.99904 -0.026522 -0.98895 -0.0383167 0.14321 -0.144089 0.0212357 -0.989337 -3.82407 -4.19179 -0.551522  
PAIR  1508 W  1596 W   A   u a  Y    Y   RT 0.097224 -0.907718 -0.408162 -0.991773 -0.122672 0.0365724 -0.0832674 0.401248 -0.912177 -3.66262 -4.19658 0.615808  
PAIR    34 W   137 W   A   u a  Y    Y   RT 0.145165 -0.984682 -0.0965866 -0.987495 -0.138126 -0.0759925 0.0614873 0.10641 -0.992419 -3.75855 -3.99012 0.833522  
PAIR   297 W   328 W   A   u a  Y    Y   RT 0.117597 -0.896143 0.4279 -0.992846 -0.115067 0.0318757 0.0206719 -0.428587 -0.903264 -3.79214 -4.0557 -0.955838  
PAIR  2668 W  2752 W   A   g c  Y    Y   RT 0.0140001 -0.998451 -0.0538547 -0.995017 -0.0192288 0.0978311 -0.0987151 0.0522167 -0.993745 -3.9148 -4.2422 -0.392949  
PAIR  1551 W  1561 W   A   g c  Y    Y   RT 0.00313497 -0.999515 -0.0309852 -0.999694 -0.00389341 0.0244476 -0.0245564 0.030899 -0.999221 -4.18413 -3.9715 -0.0873624  
PAIR  2401 W  2416 W   A   c g  Y    Y   RT 0.0588623 -0.968544 -0.241782 -0.997915 -0.0506696 -0.0399695 0.0264612 0.24363 -0.969507 -3.93544 -3.89517 0.564757  
PAIR  1384 W  1400 W   A   a u  Y    Y   RT 0.0897678 -0.971166 -0.22086 -0.960055 -0.143385 0.240282 -0.265021 0.190468 -0.945244 -3.65984 -4.49122 -0.213572  
PAIR  2171 W  2218 W   A   g c  Y    Y   RT 0.00671312 -0.991445 -0.130353 -0.883894 -0.0668442 0.462885 -0.467638 0.112111 -0.876781 -3.61109 -4.05505 -0.741068  
PAIR  1106 W  1177 W   A   c g  Y    Y   RT 0.0490045 -0.955158 -0.292013 -0.998163 -0.0572645 0.019801 -0.035635 0.290506 -0.956209 -3.94221 -3.93774 0.4966  
PAIR  1529 W  1586 W   A   c g  Y    Y   RT 0.0242846 -0.964546 -0.262796 -0.994868 -0.0491442 0.0884409 -0.0982202 0.2593 -0.960789 -3.89115 -3.91855 0.673762  
PAIR    49 W    79 W   A   c g  Y    Y   RT 0.0378332 -0.994356 -0.0991203 -0.993028 -0.0263289 -0.114902 0.111643 0.102776 -0.988419 -4.07541 -3.84014 0.22836  
PAIR  2228 W  2244 W   A   u a  Y    Y   RT 0.121819 -0.949995 -0.287524 -0.908428 -0.223426 0.353325 -0.399897 0.218153 -0.89022 -3.78409 -3.90931 -1.02612  
PAIR  1784 W  1971 W   A   u a  Y    Y   RT 0.165591 -0.976382 -0.13877 -0.978465 -0.145076 -0.146827 0.123227 0.160095 -0.97938 -3.88849 -3.8571 1.09997  
PAIR  2339 W  2365 W   A   a u  Y    Y   RT 0.124624 -0.944004 -0.305491 -0.984814 -0.155194 0.0778159 -0.120869 0.291154 -0.94901 -3.54489 -4.42944 0.0985003  
PAIR   410 W  2288 W   A   c g  Y    Y   RT 0.0659762 -0.984672 -0.161458 -0.997196 -0.0707952 0.0242719 -0.0353304 0.159404 -0.986581 -3.91197 -3.88917 0.119215  
PAIR  1906 W  1912 W   A   g c  Y    Y   RT 0.0487404 -0.907217 -0.41783 -0.998126 -0.0597359 0.0132694 -0.0369977 0.4164 -0.908428 -3.62295 -4.13054 0.544887  
PAIR  1478 W  1627 W   A   a u  Y    Y   RT 0.111525 -0.973366 -0.200302 -0.973944 -0.14711 0.172604 -0.197473 0.175833 -0.96441 -3.6842 -4.35807 -0.138956  
PAIR   818 W   839 W   A   g c  Y    Y   RT 0.0118011 -0.995021 0.098963 -0.887864 0.0350977 0.458765 -0.459954 -0.0932796 -0.883029 -3.90519 -4.27737 -1.05797  
PAIR  1516 W  1524 W   A   g c  Y    Y   RT 0.0544422 -0.998148 -0.0271398 -0.904335 -0.0608123 0.42247 -0.423338 0.00154325 -0.905971 -3.62791 -4.12379 -1.00192  
PAIR  2082 W  2087 W   A   a u  Y    Y   RT 0.100048 -0.985035 0.140342 -0.909555 -0.0333632 0.414242 -0.403361 -0.169093 -0.899282 -4.08814 -3.87459 -0.577263  
PAIR  1231 W  1245 W   A   a u  Y    Y   RT 0.1131 -0.946914 -0.300936 -0.989568 -0.134556 0.0514819 -0.0892417 0.291974 -0.952254 -3.56634 -4.373 0.568814  
PAIR    68 W    91 W   A   g c  Y    Y   RT 0.00856562 -0.999505 -0.0302746 -0.816463 -0.0244704 0.576879 -0.577334 0.0197768 -0.816269 -3.55209 -4.06773 -1.10285  
PAIR  2524 W  2550 W   A   a u  Y    Y   RT 0.129517 -0.985954 -0.105447 -0.983225 -0.141471 0.115125 -0.128426 0.0887676 -0.987738 -3.62662 -4.32261 -0.00438416  
PAIR   545 W   590 W   A   c g  Y    Y   RT -0.00334591 -0.910253 -0.41404 -0.994308 0.0471202 -0.0955571 0.106491 0.411363 -0.905229 -4.26273 -3.67222 1.28932  
PAIR   772 W   850 W   A   a u  Y    Y   RT 0.155352 -0.986567 -0.0505033 -0.944998 -0.163313 0.283386 -0.287827 0.00370082 -0.957675 -3.25979 -4.46698 -0.850255  
PAIR  1480 W  1625 W   A   g c  Y    Y   RT 0.0017847 -0.999456 -0.0329331 -0.999412 -0.0029107 0.0341744 -0.0342517 0.0328527 -0.998873 -3.86533 -4.28315 0.13174  
PAIR  2057 W  2319 W   A   g c  Y    Y   RT 0.0447781 -0.998972 -0.00707264 -0.978452 -0.0452845 0.201449 -0.201562 -0.00210027 -0.979473 -3.59876 -4.16803 -0.114138  
PAIR  2700 W  2737 W   A   g c  Y    Y   RT 0.0574158 -0.996507 0.0606446 -0.973632 -0.0424574 0.224138 -0.22078 -0.0719146 -0.972669 -3.82127 -4.18403 -0.275125  
PAIR  2275 W  2300 W   A   a u  Y    Y   RT 0.145703 -0.963366 -0.225159 -0.987144 -0.156682 0.0315902 -0.0657114 0.217662 -0.97381 -3.3131 -4.57181 0.260759  
PAIR  2403 W  2414 W   A   c g  Y    Y   RT 0.0528299 -0.994291 -0.0927038 -0.993116 -0.0620319 0.0993654 -0.104549 0.0868161 -0.990723 -3.74138 -4.09238 -0.210851  
PAIR   109 W   113 W   A   g c  Y    Y   RT 0.0878823 -0.965054 -0.246875 -0.994809 -0.072263 -0.0716492 0.0513055 0.25189 -0.966395 -3.60509 -4.00778 0.389959  
PAIR  2554 W  2606 W   A   u a  Y    Y   RT 0.133432 -0.988585 -0.0699734 -0.966526 -0.145416 0.211382 -0.219145 0.039426 -0.974895 -3.91699 -4.14607 -0.27087  
PAIR  2083 W  2086 W   A   g c  Y    Y   RT -0.0903185 -0.955572 0.280579 -0.994995 0.0744835 -0.0666194 0.0427611 -0.285192 -0.957516 -3.75354 -4.21506 -1.21406  
PAIR   551 W   584 W   A   a u  Y    Y   RT 0.157884 -0.984604 0.0750194 -0.977506 -0.145083 0.153076 -0.139835 -0.0975002 -0.985363 -3.42917 -4.55094 -0.454422  
PAIR   536 W   598 W   A   a u  Y    Y   RT 0.116541 -0.973577 -0.196384 -0.943686 -0.170191 0.28371 -0.309637 0.152261 -0.938585 -3.25517 -4.38633 -0.305568  
PAIR  2225 W  2247 W   A   g c  Y    Y   RT 0.0580426 -0.988318 -0.14092 -0.937524 -0.102468 0.33249 -0.343045 0.112817 -0.932519 -3.5573 -4.07682 -0.837238  
PAIR  2619 W  2635 W   A   g c  Y    Y   RT 0.0326821 -0.994279 -0.101693 -0.988489 -0.0471934 0.143743 -0.14772 0.0958242 -0.984376 -3.72949 -4.24467 0.137922  
PAIR  2518 W  2647 W   A   a u  Y    Y   RT 0.160703 -0.986847 0.0175221 -0.966364 -0.153707 0.206192 -0.200787 -0.0500685 -0.978355 -3.3769 -4.371 -0.646097  
PAIR  2229 W  2243 W   A   u a  Y    Y   RT 0.16578 -0.975542 -0.144345 -0.974994 -0.184103 0.124466 -0.147997 0.120102 -0.981668 -3.84353 -3.81081 -0.190484  
PAIR    42 W   101 W   A   g c  Y    Y   RT 0.0630533 -0.997919 -0.0134921 -0.932149 -0.0637166 0.356424 -0.356542 -0.00989709 -0.934227 -3.6352 -4.16493 -0.971061  
PAIR  2276 W  2299 W   A   a u  Y    Y   RT 0.133786 -0.936912 -0.322952 -0.980771 -0.171902 0.0924067 -0.142093 0.304379 -0.941893 -3.3121 -4.45933 0.148522  
PAIR   408 W  2290 W   A   a u  Y    Y   RT 0.147464 -0.958608 -0.243566 -0.987508 -0.15652 0.0181489 -0.0555207 0.237847 -0.969715 -3.44099 -4.40327 0.262046  
PAIR  1071 W  1212 W   A   u a  Y    Y   RT 0.133344 -0.978029 -0.160247 -0.969092 -0.162534 0.185591 -0.207559 0.130547 -0.969472 -4.02518 -3.82098 -0.269922  
PAIR  1421 W  1442 W   A   u a  Y    Y   RT 0.132 -0.983623 -0.122728 -0.968262 -0.154456 0.196499 -0.212237 0.0928952 -0.972793 -3.68098 -4.30097 -0.607038  
PAIR  2596 W  2736 W   A   u a  Y    Y   RT -0.27295 -0.956099 -0.106647 -0.959837 0.278128 -0.036853 0.0648966 0.0923048 -0.993614 -4.06728 -4.15466 0.150873  
PAIR  2535 W  2540 W   A   c g  Y    Y   RT 0.0306931 -0.991664 0.125142 -0.974768 -0.057392 -0.215715 0.221099 -0.115363 -0.968404 -4.07984 -3.97173 0.142023  
PAIR   238 W   249 W   A   g c  Y    Y   RT 0.0326842 -0.999391 -0.0122523 -0.995829 -0.0315179 -0.0856277 0.0851894 0.0149998 -0.996252 -3.73353 -4.25858 0.511204  
PAIR  1535 W  1579 W   A   g c  Y    Y   RT 0.00868795 -0.98558 -0.168984 -0.931469 -0.0694436 0.357133 -0.363718 0.154301 -0.918641 -3.60383 -4.14326 -0.495012  
PAIR   299 W   310 W   A   u a  Y    Y   RT 0.130138 -0.980035 -0.150316 -0.977261 -0.152385 0.147447 -0.167409 0.12771 -0.977581 -3.75229 -4.1214 0.0693851  
PAIR  1481 W  1624 W   A   c g  Y    Y   RT 0.00408703 -0.954536 -0.298067 -0.985782 0.0462239 -0.161545 0.167978 0.29449 -0.940776 -3.77067 -4.10278 1.76684  
PAIR  1232 W  1244 W   A   c g  Y    Y   RT 0.0544337 -0.895706 -0.441302 -0.998452 -0.0538985 -0.0137597 -0.0114609 0.441368 -0.897253 -3.82335 -3.86247 1.04528  
PAIR  1428 W  1434 W   A   g c  Y    Y   RT 0.0508066 -0.998435 0.0233554 -0.996995 -0.0493362 0.0597258 -0.05848 -0.0263197 -0.997942 -3.6275 -4.22158 -0.292921  
PAIR  1427 W  1435 W   A   c g  Y    Y   RT 0.0443465 -0.98109 -0.188406 -0.986835 -0.0723806 0.14463 -0.155532 0.179512 -0.971383 -3.9371 -3.86355 0.277853  
PAIR  1263 W  1311 W   A   c g  Y    Y   RT 0.0429532 -0.964583 -0.26026 -0.993688 -0.0682661 0.0890118 -0.103626 0.254794 -0.961427 -3.7284 -3.89293 0.659974  
PAIR   935 W   980 W   A   u a  Y    Y   RT 0.15519 -0.982981 -0.0983085 -0.98423 -0.1624 0.0701273 -0.0848991 0.0858752 -0.992682 -3.79257 -4.17427 -0.406635  
PAIR  1155 W  1164 W   A   g c  Y    Y   RT -0.235763 -0.970527 -0.0499384 -0.968342 0.230274 0.0963745 -0.0820345 0.071079 -0.994092 -4.51339 -4.444 0.753051  
PAIR  1118 W  1169 W   A   g c  Y    Y   RT 0.0604056 -0.986764 0.150495 -0.992344 -0.0756381 -0.0976363 0.107727 -0.143445 -0.983778 -3.69887 -4.2201 -0.0472251  
PAIR  1750 W  1760 W   A   u a  Y    Y   RT 0.155027 -0.98249 -0.103343 -0.987872 -0.153254 -0.0249242 0.00864992 0.105954 -0.994333 -3.99994 -4.11785 0.348103  
PAIR   779 W   811 W   A   a u  Y    Y   RT 0.144405 -0.984982 -0.0946402 -0.989519 -0.143736 -0.0138879 7.62065e-05 0.0956538 -0.995415 -3.75382 -4.2284 -0.0433544  
PAIR   905 W   914 W   A   u a  Y    Y   RT 0.153437 -0.98393 -0.0913133 -0.960709 -0.170166 0.219274 -0.231288 0.0540808 -0.971381 -3.94281 -4.00659 -0.414603  
PAIR  2693 W  2745 W   A   u a  Y    Y   RT 0.146342 -0.985198 -0.0892737 -0.982857 -0.155036 0.0997806 -0.112144 0.0731411 -0.990996 -3.81742 -4.21285 -0.167801  
PAIR  2032 W  2501 W   A   a u  Y    Y   RT 0.191787 -0.955518 -0.224062 -0.980695 -0.177707 -0.0815941 0.0381471 0.235385 -0.971153 -3.12633 -4.51615 0.0833538  
PAIR   412 W  2286 W   A   a u  Y    Y   RT 0.145975 -0.972745 -0.180162 -0.986617 -0.15652 0.0456977 -0.0726511 0.17108 -0.982575 -3.20895 -4.57206 -0.0277404  
PAIR    28 W   434 W   A   a u  Y    Y   RT 0.15322 -0.987281 -0.0424203 -0.975654 -0.157953 0.152153 -0.156918 0.0180747 -0.987446 -3.37002 -4.51359 -0.0874277  
PAIR   546 W   589 W   A   c g  Y    Y   RT 0.0358195 -0.953053 -0.300677 -0.998786 -0.0443203 0.0214968 -0.0338137 0.299542 -0.953484 -3.73357 -4.16908 0.720038  
PAIR  2144 W  2158 W   A   u a  Y    Y   RT 0.159337 -0.977004 -0.141687 -0.986683 -0.152849 -0.0556221 0.0326863 0.148663 -0.988348 -3.70418 -4.16297 0.299371  
PAIR   409 W  2289 W   A   u a  Y    Y   RT 0.157173 -0.968083 -0.195222 -0.986985 -0.16079 0.00271881 -0.0340217 0.192254 -0.980755 -3.96848 -3.8679 0.538177  
PAIR  1411 W  1635 W   A   c g  Y    Y   RT 0.0818546 -0.937314 -0.338735 -0.996643 -0.0764255 -0.0293594 0.00163095 0.340001 -0.940423 -3.91298 -3.97265 0.473855  
PAIR  1811 W  1838 W   A   a u  Y    Y   RT 0.101515 -0.983981 -0.146549 -0.885775 -0.15646 0.436947 -0.452876 0.0854524 -0.887469 -3.48389 -4.15343 -0.688437  
PAIR  2178 W  2197 W   A   c g  Y    Y   RT 0.0833925 -0.984465 -0.154514 -0.98942 -0.0633258 -0.130527 0.118714 0.163764 -0.97933 -3.8211 -3.97684 0.977169  
PAIR  1821 W  1826 W   A   c g  Y    Y   RT 0.0978043 -0.995065 -0.0167065 -0.989683 -0.0954818 -0.106819 0.104696 0.0269815 -0.994138 -3.83402 -3.82281 0.723666  
PAIR  1747 W  1763 W   A   u a  Y    Y   RT 0.166276 -0.986079 -0.000838845 -0.954876 -0.161227 0.249437 -0.246099 -0.0406744 -0.968391 -3.69761 -3.9971 -0.409859  
PAIR   638 W   744 W   A   u a  Y    Y   RT 0.160172 -0.971997 -0.171953 -0.983266 -0.172429 0.0587903 -0.0867937 0.159659 -0.983349 -3.9641 -3.85388 0.223976  
PAIR  1872 W  1885 W   A   c g  Y    Y   RT 0.0557349 -0.842462 -0.535866 -0.998112 -0.0608791 -0.00810163 -0.0257977 0.535306 -0.844264 -3.83127 -3.76263 1.24656  
PAIR  1053 W  1223 W   A   g c  Y    Y   RT 0.0660151 -0.997775 -0.00938251 -0.947028 -0.0656139 0.314377 -0.314293 -0.0118681 -0.949252 -3.6355 -4.16919 -0.373269  
PAIR  2471 W  2476 W   A   c g  Y    Y   RT 0.0714769 -0.995482 -0.0625042 -0.997393 -0.0707105 -0.0143919 0.00990715 0.0633699 -0.997941 -4.00424 -4.05963 0.14034  
PAIR   289 W   340 W   A   c g  Y    Y   RT 0.058106 -0.974405 -0.217159 -0.995712 -0.0722519 0.0577721 -0.0719836 0.212871 -0.974425 -4.00861 -3.90558 0.354662  
PAIR  1809 W  1840 W   A   u a  Y    Y   RT 0.160108 -0.987098 -0.0015213 -0.986645 -0.159988 -0.0306003 0.0299622 0.00640036 -0.999531 -3.86571 -4.17022 0.0606367  
PAIR  2470 W  2477 W   A   u a  Y    Y   RT 0.130862 -0.967603 -0.215915 -0.956991 -0.180168 0.227393 -0.258927 0.176871 -0.949565 -4.00942 -3.93244 -0.00169589  
PAIR    53 W    75 W   A   c g  Y    Y   RT 0.0353725 -0.954867 -0.29492 -0.997988 -0.0492857 0.039875 -0.0526107 0.292917 -0.954689 -4.01667 -3.78385 0.802628  
PAIR  2175 W  2214 W   A   u a  Y    Y   RT 0.148091 -0.960684 -0.234853 -0.961179 -0.195716 0.194499 -0.232816 0.196932 -0.952373 -4.02748 -4.03988 -0.405534  
PAIR  1457 W  1468 W   A   g c  Y    Y   RT 0.0411978 -0.980286 -0.193241 -0.919205 -0.112991 0.377221 -0.391619 0.162087 -0.905739 -3.68666 -4.01976 -0.760441  
PAIR   147 W   167 W   A   a u  Y    Y   RT 0.173237 -0.970598 0.167118 -0.957252 -0.126027 0.260357 -0.231641 -0.205078 -0.950939 -3.71652 -4.06194 -0.731259  
PAIR  1100 W  1183 W   A   c g  Y    Y   RT 0.0786104 -0.954768 -0.286771 -0.995969 -0.0876849 0.0189187 -0.0432085 0.284128 -0.957812 -3.84466 -3.7216 0.582544  
PAIR  1233 W  1243 W   A   c g  Y    Y   RT 0.00698888 -0.961881 -0.27338 -0.989963 -0.0452455 0.133887 -0.141153 0.2697 -0.952543 -4.08845 -3.73681 0.539697  
PAIR  2402 W  2415 W   A   c g  Y    Y   RT 0.0372685 -0.970809 -0.23694 -0.990443 -0.0673922 0.120337 -0.132792 0.230191 -0.964043 -4.04803 -3.70437 0.123842  
PAIR  1474 W  1631 W   A   c g  Y    Y   RT 0.0858215 -0.995663 -0.0359191 -0.987073 -0.0898684 0.132702 -0.135354 0.0240661 -0.990505 -3.8223 -4.02865 -0.762621  
PAIR  1489 W  1621 W   A   g c  Y    Y   RT 0.0642845 -0.959655 -0.273734 -0.974328 -0.119662 0.190696 -0.215758 0.254448 -0.942711 -3.39993 -4.09551 -0.0268965  
PAIR  1371 W  1657 W   A   a u  Y    Y   RT 0.172489 -0.984801 0.020372 -0.958901 -0.163151 0.232145 -0.225293 -0.0595773 -0.972468 -3.31139 -4.39208 -0.376327  
PAIR   657 W   667 W   A   c g  Y    Y   RT 0.0788641 -0.97991 -0.183188 -0.99496 -0.0887872 0.0466014 -0.0619299 0.178589 -0.981973 -3.97056 -3.9863 0.0629175  
PAIR  1587 W  1592 W   A   g c  Y    Y   RT 0.0812659 -0.975591 0.204003 -0.994952 -0.0673173 0.074418 -0.0588686 -0.209021 -0.976138 -3.47642 -4.2524 0.388339  
PAIR   198 W   219 W   A   g c  Y    Y   RT 0.0661806 -0.988998 -0.132303 -0.903695 -0.115624 0.41227 -0.423031 0.0922769 -0.901404 -3.40292 -4.02704 -0.809364  
PAIR  2612 W  2642 W   A   g c  Y    Y   RT 0.0390235 -0.999186 0.010255 -0.940035 -0.0332294 0.339454 -0.338837 -0.0228867 -0.940567 -3.64085 -4.27177 -0.982006  
PAIR  2390 W  2448 W   A   c g  Y    Y   RT 0.0338181 -0.994015 -0.103875 -0.992742 -0.045412 0.111361 -0.115412 0.0993547 -0.988336 -4.1514 -3.81937 0.0474601  
PAIR  1514 W  1526 W   A   u a  Y    Y   RT 0.177065 -0.977402 -0.115469 -0.972928 -0.191533 0.129328 -0.148522 0.0894434 -0.984856 -3.97193 -3.9405 -0.370388  
PAIR  2183 W  2190 W   A   g c  Y    Y   RT 0.0685751 -0.997228 -0.0288751 -0.994776 -0.0705429 0.0737839 -0.0756163 0.0236645 -0.996856 -3.68588 -4.32935 -0.163248  
PAIR  1326 W  2005 W   A   c g  Y    Y   RT 0.0883309 -0.996074 -0.00585355 -0.982322 -0.0880821 0.165182 -0.165049 -0.0088406 -0.986246 -3.91012 -3.93913 -0.362463  
PAIR  1864 W  1893 W   A   u a  Y    Y   RT 0.174245 -0.931877 -0.318187 -0.983979 -0.152389 -0.0925415 0.0377491 0.329214 -0.9435 -3.80224 -4.15466 0.643931  
PAIR   286 W   343 W   A   u a  Y    Y   RT 0.110368 -0.956499 -0.270051 -0.943726 -0.186087 0.27341 -0.31177 0.224679 -0.923211 -3.80038 -4.1229 -0.240677  
PAIR  1061 W  1215 W   A   u a  Y    Y   RT 0.13308 -0.968205 -0.211822 -0.969124 -0.171883 0.176788 -0.207575 0.181755 -0.961186 -3.82294 -4.15407 0.00509342  
PAIR  1820 W  1827 W   A   c g  Y    Y   RT 0.114902 -0.961661 -0.24901 -0.985835 -0.0795588 -0.147649 0.122177 0.262448 -0.95718 -3.76284 -3.78993 1.08279  
PAIR  2078 W  2109 W   A   g c  Y    Y   RT 0.0751072 -0.995836 -0.0516626 -0.933092 -0.0884592 0.348588 -0.351706 0.0220245 -0.935851 -3.68564 -4.18244 -0.951007  
PAIR  1412 W  1634 W   A   g c  Y    Y   RT 0.0275293 -0.977489 -0.209185 -0.975691 -0.0717899 0.20706 -0.217416 0.198399 -0.955703 -3.65867 -4.29118 -0.253777  
PAIR   153 W   160 W   A   g c  Y    Y   RT 0.158982 -0.959095 0.234225 -0.861897 -0.0191212 0.506723 -0.481517 -0.282438 -0.829681 -3.47835 -4.0593 -1.28791  
PAIR   116 W   118 W   A   u a  Y    Y   RT 0.15612 -0.98363 0.0899955 -0.96662 -0.170887 -0.190903 0.203157 -0.0571877 -0.977475 -4.15971 -4.10802 0.432929  
PAIR  2223 W  2249 W   A   c g  Y    Y   RT 0.0271939 -0.950803 -0.308599 -0.995459 -0.0539317 0.0784448 -0.0912288 0.305065 -0.947952 -4.15903 -3.73466 0.323192  
PAIR  1848 W  1960 W   A   c g  Y    Y   RT 0.0902769 -0.971498 -0.219183 -0.974337 -0.131722 0.182531 -0.2062 0.197079 -0.958458 -3.84424 -3.86825 -0.505785  
PAIR   903 W   916 W   A   c g  Y    Y   RT 0.0970934 -0.98381 -0.150631 -0.994525 -0.090026 -0.053065 0.0386452 0.154959 -0.987165 -3.89452 -3.92968 0.359025  
PAIR  2529 W  2545 W   A   a u  Y    Y   RT 0.143522 -0.986403 -0.0800712 -0.985842 -0.14959 0.0757568 -0.0867046 0.0680648 -0.993906 -3.88209 -4.01212 0.0453482  
PAIR   700 W   705 W   A   g c  Y    Y   RT 0.079471 -0.996741 -0.0138718 -0.958176 -0.0802193 0.274706 -0.274924 -0.00853958 -0.961428 -3.61346 -4.13052 -0.319193  
PAIR    11 W   512 W   A   g c  Y    Y   RT 0.0725628 -0.994426 -0.0764906 -0.962223 -0.0899784 0.256963 -0.262413 0.0549551 -0.96339 -3.65977 -4.20581 -0.464995  
PAIR   659 W   665 W   A   g c  Y    Y   RT 0.052014 -0.994602 -0.089782 -0.880873 -0.0880499 0.465091 -0.470486 0.0548953 -0.880698 -3.50557 -4.17323 -0.827512  
PAIR   780 W   810 W   A   g c  Y    Y   RT 0.0913137 -0.99115 -0.096347 -0.966381 -0.11155 0.231655 -0.240352 0.0719547 -0.968015 -3.43279 -4.17733 -0.462322  
PAIR    45 W    56 W   A   g c  Y    Y   RT 0.0250194 -0.969845 -0.242436 -0.879119 -0.136803 0.456545 -0.475944 0.201707 -0.856032 -3.62945 -4.04742 -0.922492  
PAIR   952 W   964 W   A   g c  Y    Y   RT 0.108441 -0.963688 -0.24402 -0.983622 -0.0684638 -0.166738 0.143977 0.258104 -0.955329 -3.33496 -4.20956 0.575212  
PAIR   196 W   221 W   A   u a  Y    Y   RT 0.149107 -0.934997 -0.321787 -0.982566 -0.176644 0.0579687 -0.111042 0.307533 -0.945036 -3.85395 -4.10748 0.349677  
PAIR   716 W   731 W   A   c g  Y    Y   RT 0.112137 -0.918171 -0.379982 -0.986142 -0.0557762 -0.156247 0.122267 0.392237 -0.911702 -3.64351 -3.93542 1.225  
PAIR  1728 W  1733 W   A   c g  Y    Y   RT 0.0813163 -0.977896 -0.192634 -0.996484 -0.0836828 0.00416676 -0.0201948 0.191618 -0.981262 -3.74234 -3.96863 0.676907  
PAIR   936 W   979 W   A   g c  Y    Y   RT 0.0494129 -0.985402 -0.162913 -0.977848 -0.0809469 0.193029 -0.203398 0.149767 -0.967574 -3.5682 -4.2844 -0.26838  
PAIR  2011 W  2028 W   A   u a  Y    Y   RT 0.152229 -0.926836 -0.343221 -0.971282 -0.20454 0.121548 -0.182857 0.314862 -0.931357 -3.76787 -4.23119 -0.280224  
PAIR  1383 W  1401 W   A   c g  Y    Y   RT 0.0734666 -0.97907 -0.189803 -0.994878 -0.0851982 0.0543968 -0.0694291 0.184834 -0.980314 -3.87927 -3.99052 0.387963  
PAIR  1542 W  1571 W   A   u a  Y    Y   RT 0.163004 -0.954057 -0.251405 -0.986456 -0.162321 -0.0235961 -0.0182965 0.251846 -0.967594 -4.04117 -4.00459 0.905477  
PAIR   693 W   712 W   A   c g  Y    Y   RT 0.0778295 -0.952931 -0.293027 -0.996959 -0.0755662 -0.0190543 -0.00398543 0.293618 -0.955914 -3.84049 -3.94442 0.857704  
PAIR  2281 W  2295 W   A   c g  Y    Y   RT 0.0759994 -0.959899 -0.269848 -0.996607 -0.0645474 -0.0510751 0.0316089 0.272814 -0.961547 -4.10796 -3.87807 0.308224  
PAIR   816 W   841 W   A   g c  Y    Y   RT 0.0839062 -0.984762 -0.152325 -0.996085 -0.087155 0.0147655 -0.0278164 0.15049 -0.98822 -3.4865 -4.27431 0.0993412  
PAIR  1413 W  1633 W   A   g c  Y    Y   RT 0.0333386 -0.992994 -0.113369 -0.815143 -0.0926492 0.571802 -0.578299 0.0733485 -0.812521 -3.77551 -3.94333 -1.27932  
PAIR    74 W    82 W   A   c g  Y    Y   RT 0.0909114 -0.995644 -0.0206795 -0.96292 -0.082589 -0.256833 0.254007 0.0432618 -0.966234 -4.00051 -3.92544 0.845864  
PAIR  2014 W  2025 W   A   a u  Y    Y   RT 0.159039 -0.95423 -0.253283 -0.975466 -0.191435 0.108716 -0.152227 0.229779 -0.961264 -3.5131 -4.33656 -0.187445  
PAIR  2617 W  2637 W   A   g c  Y    Y   RT 0.0513436 -0.99123 -0.121765 -0.948601 -0.0865304 0.304414 -0.312281 0.0998765 -0.944725 -3.45819 -4.22469 -0.576443  
PAIR  2061 W  2313 W   A   c g  Y    Y   RT 0.0737144 -0.941129 -0.329912 -0.993834 -0.0967986 0.0540753 -0.0828269 0.323892 -0.942461 -3.80899 -3.86823 0.59881  
PAIR   635 W   747 W   A   g c  Y    Y   RT 0.0935416 -0.989492 0.110249 -0.938669 -0.0507355 0.341067 -0.33189 -0.135391 -0.933552 -3.35678 -4.19075 -1.22949  
PAIR  2508 W  2661 W   A   g c  Y    Y   RT 0.110556 -0.992718 0.0478437 -0.908807 -0.0814909 0.409182 -0.402303 -0.0887183 -0.911198 -3.56574 -4.06511 -1.25211  
PAIR  1014 W  1020 W   A   g c  Y    Y   RT 0.0905413 -0.995593 0.0244339 -0.979204 -0.0845244 0.184434 -0.181556 -0.0406247 -0.982541 -3.65032 -4.14646 -0.213421  
PAIR  1875 W  1882 W   A   c g  Y    Y   RT 0.0633068 -0.972677 -0.223363 -0.995765 -0.0765128 0.0509639 -0.0666616 0.219191 -0.973402 -4.00466 -3.86142 0.584578  
PAIR  2509 W  2660 W   A   u a  Y    Y   RT 0.177411 -0.984055 -0.0126556 -0.953368 -0.175041 0.245867 -0.244162 -0.0315541 -0.969221 -3.68769 -4.14534 -0.787436  
PAIR  2397 W  2422 W   A   c g  Y    Y   RT 0.0429552 -0.974373 -0.2208 -0.982667 -0.0810959 0.166699 -0.180333 0.209812 -0.960968 -4.10478 -3.83366 -0.0249202  
PAIR  2331 W  2375 W   A   g c  Y    Y   RT 0.0886556 -0.992314 -0.0863335 -0.995059 -0.084343 -0.0523878 0.0447036 0.0905514 -0.994888 -3.72282 -4.15924 0.374963  
PAIR  2527 W  2547 W   A   g c  Y    Y   RT 0.0878758 -0.985706 -0.143739 -0.981032 -0.110667 0.159149 -0.172782 0.127027 -0.976735 -3.43062 -4.25279 -0.220156  
PAIR  1533 W  1581 W   A   c g  Y    Y   RT 0.0408248 -0.80952 -0.585671 -0.996791 -0.0733895 0.0319573 -0.0688522 0.582487 -0.809918 -3.56683 -3.85722 1.18435  
PAIR  1347 W  1355 W   A   g c  Y    Y   RT 0.114654 -0.988532 0.0982752 -0.921821 -0.0689968 0.381426 -0.370271 -0.134324 -0.919161 -3.57619 -4.2164 -1.21479  
PAIR  2333 W  2372 W   A   g c  Y    Y   RT 0.070875 -0.969514 -0.234562 -0.963479 -0.127417 0.235527 -0.258234 0.209303 -0.943137 -3.4771 -4.16531 -0.295262  
PAIR  2522 W  2552 W   A   c g  Y    Y   RT 0.0669478 -0.996599 -0.0480373 -0.991096 -0.0719774 0.112015 -0.115092 0.0401104 -0.992545 -4.06017 -3.88284 0.127463  
PAIR  2182 W  2191 W   A   c g  Y    Y   RT 0.0986521 -0.990703 -0.0936782 -0.992347 -0.104965 0.0650338 -0.0742621 0.0865455 -0.993476 -3.83073 -3.90393 0.0411806  
PAIR  1425 W  1438 W   A   a u  Y    Y   RT 0.14487 -0.979353 -0.141 -0.915435 -0.186744 0.356519 -0.375489 0.0774273 -0.923587 -3.54856 -4.18564 -0.830475  
PAIR   637 W   745 W   A   g c  Y    Y   RT 0.0950826 -0.992798 -0.0728744 -0.992169 -0.10047 0.0742104 -0.0809977 0.0652476 -0.994576 -3.49526 -4.29637 -0.176401  
PAIR  1068 W  1214 W   A   g c  Y    Y   RT 0.0779091 -0.987898 -0.134117 -0.996752 -0.0744341 -0.0307402 0.0203854 0.136076 -0.990489 -3.44932 -4.28045 0.600907  
PAIR  2507 W  2662 W   A   g c  Y    Y   RT 0.0967438 -0.995127 -0.0190451 -0.946358 -0.0978959 0.307932 -0.308296 -0.011767 -0.951218 -3.57446 -4.23016 -0.917075  
PAIR  2510 W  2659 W   A   g c  Y    Y   RT 0.084689 -0.989241 -0.11929 -0.987544 -0.0992648 0.122078 -0.132606 0.107466 -0.985326 -3.56792 -4.32624 -0.615131  
PAIR  2673 W  2687 W   A   c g  Y    Y   RT 0.0347867 -0.917914 -0.395251 -0.988785 -0.0890866 0.119866 -0.145239 0.386649 -0.910719 -4.15924 -3.8886 0.358981  
PAIR  2576 W  2583 W   A   u a  Y    Y   RT 0.160746 -0.965766 -0.20361 -0.986108 -0.165894 0.00835777 -0.0418493 0.199438 -0.979016 -3.57742 -4.2028 0.512246  
PAIR  1009 W  1025 W   A   c g  Y    Y   RT 0.0825895 -0.93748 -0.338098 -0.992343 -0.108625 0.0587893 -0.0918397 0.330654 -0.939273 -3.72846 -3.99593 0.249539  
PAIR  1517 W  1523 W   A   g c  Y    Y   RT 0.114552 -0.993075 0.0260627 -0.922146 -0.0965386 0.374602 -0.369492 -0.0669449 -0.926819 -3.54354 -3.99719 -1.19283  
PAIR  1094 W  1188 W   A   g c  Y    Y   RT 0.0868535 -0.987162 -0.134043 -0.984765 -0.105421 0.13829 -0.150646 0.11999 -0.981279 -3.56154 -4.21449 -0.0886827  
PAIR  1265 W  1309 W   A   c g  Y    Y   RT 0.0825931 -0.909458 -0.40751 -0.99592 -0.0902388 -0.000460479 -0.0363545 0.405886 -0.913201 -3.71592 -3.83277 0.951264  
PAIR  1410 W  1472 W   A   c g  Y    Y   RT 0.0316198 -0.953185 -0.300729 -0.995969 -0.0553154 0.0706069 -0.0839364 0.297284 -0.951093 -4.24446 -3.77233 0.226301  
PAIR  2185 W  2188 W   A   g c  Y    Y   RT 0.0727427 -0.99672 0.0354518 -0.94089 -0.0567911 0.333918 -0.33081 -0.0576463 -0.941935 -3.67772 -4.42416 -0.289413  
PAIR  1686 W  1995 W   A   g c  Y    Y   RT 0.0964165 -0.994834 0.031755 -0.947444 -0.0819524 0.309247 -0.305048 -0.0599027 -0.950451 -3.68661 -4.04842 -0.717878  
PAIR  1502 W  1602 W   A   g c  Y    Y   RT 0.0834703 -0.996088 0.0289912 -0.946859 -0.0702091 0.313894 -0.310631 -0.0536514 -0.949015 -3.83209 -4.04905 -0.665053  
PAIR  1070 W  1213 W   A   g c  Y    Y   RT -0.0434542 -0.984427 -0.17034 -0.959867 -0.00614667 0.280388 -0.277068 0.175688 -0.944652 -3.65063 -4.34862 -0.363541  
PAIR   322 W   332 W   A   g c  Y    Y   RT 0.0957998 -0.995355 -0.00955667 -0.988891 -0.0962651 0.113263 -0.113657 -0.00140009 -0.993519 -3.40167 -4.28175 -0.178857  
PAIR   407 W  2291 W   A   c g  Y    Y   RT 0.0897646 -0.976986 -0.193497 -0.993663 -0.101048 0.0492337 -0.0676531 0.187852 -0.979865 -3.73439 -4.05261 0.087517  
PAIR  2034 W  2499 W   A   c g  Y    Y   RT 0.0974604 -0.955587 -0.278127 -0.995198 -0.0910345 -0.0359583 0.00904212 0.280296 -0.959871 -3.93277 -3.78776 0.582855  
PAIR   658 W   666 W   A   g c  Y    Y   RT 0.0976265 -0.992263 -0.0767033 -0.98735 -0.106241 0.117695 -0.124933 0.0642429 -0.990083 -3.54672 -4.24105 -0.183551  
PAIR   142 W   173 W   A   c g  Y    Y   RT 0.156499 -0.872627 -0.462633 -0.984871 -0.10259 -0.139655 0.0744049 0.47749 -0.875481 -3.82637 -3.78839 0.738347  
PAIR    72 W    84 W   A   g c  Y    Y   RT 0.105172 -0.994298 0.0176319 -0.988927 -0.102704 0.10712 -0.104698 -0.0287026 -0.99409 -3.41536 -4.29594 -0.185298  
PAIR  2128 W  2136 W   A   c g  Y    Y   RT 0.0515653 -0.992059 -0.114713 -0.981264 -0.0716834 0.178838 -0.18564 0.103342 -0.977168 -4.19739 -3.85932 -0.499352  
PAIR   893 W  1260 W   A   c g  Y    Y   RT 0.0959806 -0.985528 -0.13972 -0.994505 -0.100841 0.0281156 -0.0417982 0.136254 -0.989792 -3.93508 -3.88641 0.338411  
PAIR  1852 W  1903 W   A   c g  Y    Y   RT 0.101576 -0.987539 0.120206 -0.994779 -0.0996328 0.022079 -0.00982742 -0.121821 -0.992503 -3.93428 -3.95019 -0.456461  
PAIR   781 W   809 W   A   a u  Y    Y   RT 0.189423 -0.980732 0.0477897 -0.918565 -0.159799 0.361527 -0.346924 -0.11238 -0.931136 -3.42772 -4.51001 -1.20263  
PAIR   234 W   255 W   A   c g  Y    Y   RT 0.0861134 -0.985576 -0.145686 -0.995237 -0.091804 0.0327866 -0.0456882 0.142169 -0.988787 -3.94097 -3.80557 0.502549  
PAIR  1697 W  1988 W   A   c g  Y    Y   RT 0.0473356 -0.948529 -0.313132 -0.98827 -0.0900398 0.123351 -0.145196 0.30362 -0.941665 -4.00968 -3.83987 0.5579  
PAIR  2205 W  2265 W   A   g c  Y    Y   RT 0.0664198 -0.992111 -0.106318 -0.994122 -0.074929 0.0781489 -0.0854987 0.100502 -0.991256 -3.46046 -4.31636 -0.036583  
PAIR  1936 W  1946 W   A   g c  Y    Y   RT 0.0503014 -0.992042 -0.115419 -0.938968 -0.0863519 0.33299 -0.340307 0.0916248 -0.93584 -3.80067 -4.09725 -0.40764  
PAIR  1645 W  1654 W   A   c g  Y    Y   RT 0.100869 -0.93334 -0.34453 -0.991813 -0.121593 0.0390228 -0.0783142 0.337773 -0.937964 -3.83468 -3.91347 0.260442  
