PAIR     3 W    21 W   A   u a  C2   C4  RT -0.998372 -0.0277399 0.0498441 -0.0336792 0.991888 -0.122572 -0.0460397 -0.124051 -0.991207 6.07987 -0.578825 0.2015  
PAIR     5 W    19 W   A   g c  C4   C2  RT -0.997126 0.0507483 -0.0562574 0.0608485 0.978805 -0.195546 0.0451414 -0.198407 -0.97908 6.11582 0.515861 0.0194686  
PAIR     4 W    20 W   A   g c  C4   C2  RT -0.994852 0.0893032 -0.0479005 0.0969587 0.976269 -0.193642 0.0294709 -0.19729 -0.979902 5.99674 0.323417 -0.286167  
PAIR     1 W    23 W   A   c g  C2   C4  RT -0.96779 0.0737197 -0.240724 0.128524 0.966856 -0.220616 0.216481 -0.244449 -0.945188 5.77886 -1.0595 -0.973129  
PAIR     2 W    22 W   A   c g  C2   C4  RT -0.993036 0.104711 -0.0539846 0.114564 0.965133 -0.235359 0.0274576 -0.239905 -0.970408 5.98468 -0.64117 -0.556062  
PAIR     6 W    18 W   A   u u  C2   C2  RT -0.992921 0.107859 -0.0497518 0.118162 0.939622 -0.321167 0.0121071 -0.324773 -0.945715 4.46925 2.1818 -0.979252  
PAIR     3 W    62 W   A   a u  C4   C2  RT -0.991306 0.0236405 0.129437 0.0107146 0.994964 -0.0996621 -0.131142 -0.0974088 -0.986566 5.92351 0.401783 0.0336375  
PAIR    26 W    37 W   A   u a  C2   C4  RT -0.999925 -0.0112529 0.00478351 -0.010759 0.995601 0.0930697 -0.00580977 0.0930113 -0.995648 6.12585 -0.970052 -0.0244948  
PAIR    10 W    21 W   A   u a  C2   C4  RT -0.993234 0.0310309 0.111905 -0.013258 0.927035 -0.374739 -0.115368 -0.373688 -0.920352 5.8743 -0.795807 0.0554177  
PAIR    48 W    54 W   A   g c  C4   C2  RT -0.956103 0.0545464 0.287908 -0.0029494 0.980681 -0.195592 -0.293015 -0.187855 -0.937471 6.03463 0.675332 0.293151  
PAIR    45 W    57 W   A   c g  C2   C4  RT -0.995235 0.0520715 -0.0824354 0.0656515 0.982958 -0.171705 0.0720897 -0.176299 -0.981693 5.87771 -0.718195 -0.531076  
PAIR     2 W    63 W   A   g c  C4   C2  RT -0.972764 0.0419195 0.227975 0.00540034 0.987343 -0.158507 -0.231734 -0.152959 -0.960678 5.97818 0.188365 0.0178006  
PAIR    27 W    36 W   A   g c  C4   C2  RT -0.992857 0.0234392 0.116984 0.0310013 0.997516 0.063247 -0.115211 0.0664219 -0.991118 5.92584 0.21296 0.393456  
PAIR    25 W    38 W   A   c g  C2   C4  RT -0.973755 -0.00452581 -0.227555 0.0193251 0.994548 -0.102476 0.226778 -0.104184 -0.968358 6.16366 -0.993253 -1.17343  
PAIR    24 W    39 W   A   c g  C2   C4  RT -0.884715 0.00135983 -0.466131 0.152573 0.945756 -0.286823 0.440456 -0.324876 -0.836931 5.82175 -1.2068 -1.76143  
PAIR    17 W    49 W   A   g c  C4   C2  RT -0.939692 0.131687 0.315654 0.0434806 0.961414 -0.271649 -0.339247 -0.241542 -0.909159 6.14925 0.266185 0.892782  
PAIR    47 W    55 W   A   g c  C4   C2  RT -0.989143 0.0880694 0.117642 0.0670093 0.982763 -0.172299 -0.130788 -0.162546 -0.977995 6.02425 0.523953 -0.141641  
PAIR     6 W    59 W   A   g c  C4   C2  RT -0.985635 0.11182 0.126571 0.0835537 0.974135 -0.209953 -0.146774 -0.196362 -0.969484 5.95289 -0.0516729 -0.0944679  
PAIR    11 W    20 W   A   u a  C2   C4  RT -0.978533 0.130435 0.159562 0.0835161 0.958782 -0.271593 -0.18841 -0.252437 -0.949093 5.95383 -0.896723 0.467332  
PAIR     5 W    60 W   A   c g  C2   C4  RT -0.99364 0.112594 0.00151672 0.110729 0.979459 -0.168522 -0.0204601 -0.167283 -0.985697 6.06972 -0.80688 -0.0648072  
PAIR    46 W    56 W   A   g c  C4   C2  RT -0.995149 0.0308819 0.0934076 0.022057 0.995321 -0.0940754 -0.0958757 -0.0915587 -0.991173 6.05163 0.00513981 -0.146568  
PAIR    12 W    19 W   A   c g  C2   C4  RT -0.996716 0.0805345 0.00841862 0.079862 0.994875 -0.0620075 -0.0133692 -0.0611315 -0.99804 5.91627 -0.322686 0.12114  
PAIR     7 W    58 W   A   g c  C4   C2  RT -0.984167 0.136291 0.113314 0.133485 0.990533 -0.0320282 -0.116606 -0.0163954 -0.993043 6.07131 0.136754 0.0976003  
PAIR     1 W    64 W   A   g c  C4   C2  RT -0.992869 0.119168 -0.00333701 0.117463 0.982676 0.143351 0.020362 0.141937 -0.989666 6.13442 -0.102831 -0.199705  
PAIR    28 W    35 W   A   c g  C2   C4  RT -0.993133 -0.0286811 0.113423 -0.0352212 0.997805 -0.0560839 -0.111566 -0.0596936 -0.991963 6.40165 0.488472 0.0504532  
PAIR     4 W    61 W   A   g u  C4   C2  RT -0.996922 0.0770019 0.0147221 0.0741681 0.987212 -0.141105 -0.0253992 -0.139579 -0.989885 5.72755 -1.88122 0.189503  
PAIR     9 W    22 W   A   g u  C4   C2  RT -0.988154 0.133602 0.0755178 0.111416 0.962928 -0.245675 -0.105541 -0.234351 -0.966406 5.42719 -2.37571 0.00746652  
PAIR     8 H    20 H   P   a a  C4   C4  RT -0.959578 -0.243998 0.140268 0.232964 -0.968258 -0.0905836 0.157918 -0.0542447 0.985961 -0.524757 -7.66267 -0.0557748  
PAIR    23 W    40 W   A   a g  C4   C4  RT -0.851005 0.25269 -0.460367 0.380771 0.900617 -0.209531 0.361668 -0.353606 -0.862646 7.61881 -1.13017 -1.8683  
PAIR    29 W    34 W   A   c c  C2   C2  RT -0.937261 0.27258 0.217353 0.264407 0.962121 -0.0664195 -0.227225 -0.00478253 -0.973831 5.13814 3.49925 0.180372  
PAIR    21 H    41 W   A   a g  C4   C4  RT -0.420579 0.869586 -0.258717 0.901349 0.432978 -0.00995924 0.103358 -0.237383 -0.965902 2.89392 -8.88317 -1.80038  
PAIR    14 W    43 W   P   g c  C4   C2  RT -0.9644 -0.247693 0.0926283 0.237222 -0.965104 -0.110901 0.116865 -0.0849798 0.989505 5.95591 0.197208 0.0783912  
PAIR    13 W    18 S   A   a a  C4   C4  RT -0.923881 -0.360205 0.129212 -0.377474 0.913294 -0.152992 -0.0629001 -0.190121 -0.979744 6.42525 -5.49576 0.400246  
PAIR     9 H     8 2   P   g a  C4   O2' RT 0.0122793 -0.811692 -0.583957 -0.0646101 0.582136 -0.81052 0.997835 0.0476822 -0.0452953 -1.73705 -4.42791 -0.726051  
PAIR    42 W    18 P   A   u a  C2   OP1 RT -0.852739 -0.460627 -0.246291 -0.521885 0.770974 0.365015 0.0217481 0.439798 -0.897833 3.23567 -1.04765 0.229062  RT -0.852739 0.0597069 -0.518914 -0.521885 -0.0560264 0.851174 0.0217481 0.996642 0.078936 3.23567 -1.04765 0.229062  
PAIR    50 W    16 2   P   g g  C4   O2' RT -0.459044 0.301014 -0.835865 0.199498 0.951749 0.233185 0.865725 -0.0597106 -0.496946 5.51489 1.31505 -0.567135  
PAIR    54 H    53 P   A   c u  C2   OP2 RT 0.570934 0.000356321 0.820996 0.115946 -0.990012 -0.080201 0.812768 0.140981 -0.565273 -0.664815 -5.9766 0.873249  RT 0.570934 -0.75564 -0.321003 0.115946 0.461285 -0.879644 0.812768 0.464999 0.350976 -0.664815 -5.9766 0.873249  
PAIR    66 H    65 P   P   c g  C2   OP2 RT 0.887747 0.449733 0.0982101 0.285866 -0.371375 -0.883381 -0.360813 0.812293 -0.458251 -1.02107 -5.65164 0.963384  RT 0.887747 -0.247139 0.388366 0.285866 0.957245 -0.0442997 -0.360813 0.150347 0.92044 -1.02107 -5.65164 0.963384  
PAIR    19 H    18 P   P   c a  C2   OP2 RT 0.729872 -0.0217957 0.683237 0.6352 0.390962 -0.666085 -0.252602 0.920149 0.299197 -0.80985 -5.74646 0.0741184  RT 0.729872 -0.623178 -0.280957 0.6352 0.466403 0.61562 -0.252602 -0.627788 0.736257 -0.80985 -5.74646 0.0741184  
PAIR     2 S     1 2   P   g u  C4   O2' RT 0.136928 -0.473293 -0.870198 0.30563 0.8558 -0.417369 0.942253 -0.208809 0.261836 1.11713 2.853 -1.82106  
PAIR     4 W    17 W   A   g c  C4   C2  RT -0.901853 0.15127 0.404696 -0.0194878 0.921506 -0.387875 -0.431604 -0.357693 -0.828115 5.89397 0.528483 0.712703  
PAIR     2 W    19 W   A   a u  C4   C2  RT -0.987888 0.131153 0.0829244 0.102718 0.953295 -0.284039 -0.116304 -0.272081 -0.95522 5.88528 0.184344 -0.277591  
PAIR     1 W    20 W   A   g c  C4   C2  RT -0.989196 0.142123 0.035937 0.135935 0.981047 -0.138092 -0.0548819 -0.131715 -0.989767 6.1085 -0.0898385 0.0420067  
PAIR     3 W    18 W   A   g c  C4   C2  RT -0.985137 0.120163 0.122743 0.0748343 0.943439 -0.322989 -0.154612 -0.309003 -0.938409 6.09879 0.782392 -0.036885  
PAIR     5 W    16 W   A   a c  C4   C2  RT -0.770245 0.317293 0.553216 0.0715361 0.904962 -0.419435 -0.633723 -0.283493 -0.719741 7.28482 2.37443 0.819834  
PAIR     7 S    10 W   P   c g  C2   C4  RT -0.471616 0.849916 0.234991 -0.865162 -0.497512 0.0630632 0.17051 -0.173564 0.96995 3.32363 5.09498 -1.41114  
PAIR    10 W     7 2   P   g c  C4   O2' RT -0.862027 0.342433 0.373697 -0.45947 -0.839211 -0.290882 0.214003 -0.422451 0.88076 4.15647 -3.87813 -1.16516  
PAIR    12 H    11 2   A   u a  C2   O2' RT 0.805277 -0.520553 0.283819 0.386499 0.823898 0.414501 -0.449608 -0.224092 0.864659 -3.52336 -3.80163 0.394157  
PAIR     3 W    18 W   A   g c  C4   C2  RT -0.990949 0.0947373 0.095105 0.0574072 0.939498 -0.33771 -0.121345 -0.329194 -0.936433 6.2361 -0.0192964 0.273266  
PAIR     2 W    19 W   A   a u  C4   C2  RT -0.992686 0.120025 0.0129599 0.112404 0.958099 -0.26346 -0.0440388 -0.260077 -0.964583 6.04759 0.159866 -0.479615  
PAIR     4 W    17 W   A   g c  C4   C2  RT -0.88355 0.217974 0.41452 0.000491439 0.88552 -0.4646 -0.468336 -0.410294 -0.782509 6.03108 0.457067 0.407248  
PAIR     1 W    20 W   A   g c  C4   C2  RT -0.994722 0.100065 0.0227125 0.100096 0.994978 0.000220056 -0.0225764 0.00249232 -0.999742 6.20251 -0.0938309 0.500085  
PAIR     5 W    16 W   A   a c  C4   C2  RT -0.687926 0.311857 0.655365 0.0765253 0.929112 -0.361793 -0.721735 -0.198735 -0.663026 6.74223 2.7611 1.76639  
PAIR    14 H    13 2   A   a c  C4   O2' RT 0.802491 -0.538347 0.257275 0.183985 0.633444 0.751597 -0.567589 -0.555815 0.607381 -2.47764 -4.17487 0.410122  
PAIR     8 W    21 W   A   g c  C4   C2  RT -0.949666 0.0856876 0.301316 -0.0623064 0.89098 -0.449748 -0.307004 -0.445884 -0.840795 6.13393 0.139845 -0.0438565  
PAIR    18 W    28 W   A   c g  C2   C4  RT -0.93851 0.0595897 -0.340071 0.120808 0.979404 -0.161781 0.323427 -0.192917 -0.926379 6.04523 -0.969272 -1.13648  
PAIR    12 W    33 W   A   g c  C4   C2  RT -0.997843 0.0593006 0.0281671 0.0483815 0.954255 -0.295053 -0.0443754 -0.293053 -0.955066 5.73149 -0.173871 -0.443306  
PAIR    13 W    32 W   A   c g  C2   C4  RT -0.992928 0.0967655 -0.0687825 0.111909 0.956296 -0.270137 0.0396365 -0.275924 -0.960362 6.32676 -0.821014 -0.389794  
PAIR     7 W    22 W   A   g c  C4   C2  RT -0.980702 0.121608 0.153084 0.0670326 0.944696 -0.321025 -0.183657 -0.304568 -0.934617 6.29362 0.149685 -0.355655  
PAIR    11 W    30 W   A   c g  C2   C4  RT -0.979314 0.146851 -0.139205 0.193792 0.878589 -0.436492 0.0582049 -0.45444 -0.888874 6.14345 -1.12043 -0.0565522  
PAIR     9 W    20 W   A   u a  C2   C4  RT -0.977983 0.158285 0.135997 0.119634 0.959217 -0.256106 -0.170989 -0.234197 -0.957034 6.3024 -0.873037 0.114722  
PAIR    19 W    26 W   A   c g  C2   C4  RT -0.973242 0.141924 -0.180712 0.167261 0.976811 -0.133653 0.157553 -0.160303 -0.974413 5.99691 -1.2377 -0.977922  
PAIR    15 W    29 W   A   u c  C2   C2  RT -0.544164 0.836327 -0.0666617 0.837626 0.537058 -0.0997521 -0.0476241 -0.110119 -0.992777 6.50299 -3.28821 -0.713836  
PAIR    15 H    27 W   A   u u  C2   C2  RT 0.196606 0.933456 0.300011 0.785568 -0.333064 0.52149 0.586711 0.133151 -0.798775 0.62388 -6.97146 -0.465013  
PAIR    14 W    31 W   P   a a  C4   C4  RT -0.976269 0.0362979 -0.2135 -0.133808 -0.876261 0.462885 -0.17028 0.480468 0.860323 7.78934 -2.83382 2.46752  
PAIR    10 W    28 H   P   g g  C4   C4  RT -0.0300305 0.965089 -0.260195 -0.999549 -0.0288347 0.00841258 0.000616253 0.26033 0.965519 7.91602 0.503536 0.852477  
PAIR    25 W     8 2   P   a g  C4   O2' RT -0.201014 0.736503 0.645876 -0.486151 -0.647413 0.586953 0.850441 -0.196008 0.488191 4.93382 -0.834108 -1.18803  
PAIR    27 H    10 2   A   u g  C2   O2' RT -0.521454 -0.411927 -0.747263 0.133335 -0.904333 0.405468 -0.842797 0.111796 0.526492 -0.365043 -5.90856 0.40202  
PAIR    25 W    32 W   A   a u  C4   C2  RT -0.991888 -0.105865 -0.0703664 -0.0949242 0.985029 -0.143901 0.084547 -0.136054 -0.987087 5.90771 1.00682 -0.217743  
PAIR     6 W    53 W   A   u a  C2   C4  RT -0.989304 0.032023 0.142307 -0.0213177 0.933387 -0.358238 -0.144299 -0.35744 -0.922721 5.78799 -1.04813 0.35786  
PAIR     5 W    54 W   A   a u  C4   C2  RT -0.996014 0.0310975 -0.0836017 0.0580169 0.937769 -0.342378 0.067752 -0.345864 -0.935835 5.91451 0.493087 -0.556639  
PAIR    10 W    21 W   A   c g  C2   C4  RT -0.992148 0.0510807 0.114162 0.0198828 0.965604 -0.259254 -0.123478 -0.254949 -0.959038 5.96936 -0.594886 0.0132722  
PAIR    40 W    49 W   A   g c  C4   C2  RT -0.996258 0.0516077 0.0693286 0.0397179 0.985813 -0.163082 -0.0767613 -0.159719 -0.984174 6.07282 0.259212 -0.179456  
PAIR    16 W    43 W   A   g c  C4   C2  RT -0.882876 0.177685 0.434694 -0.104003 0.828686 -0.549966 -0.457946 -0.530761 -0.713147 6.07569 0.409879 0.92129  
PAIR     7 W    52 W   A   u a  C2   C4  RT -0.995765 0.0905033 0.0161474 0.0892079 0.993677 -0.06818 -0.0222158 -0.0664508 -0.997542 5.87224 -0.932365 -0.107483  
PAIR    42 W    47 W   A   g c  C4   C2  RT -0.979357 0.099008 0.176233 0.0797036 0.990342 -0.113449 -0.185763 -0.0970605 -0.977789 6.12769 0.0623706 0.180638  
PAIR     2 W    57 W   A   c g  C2   C4  RT -0.983725 0.0850516 0.158277 0.0744839 0.994652 -0.0715522 -0.163516 -0.0585987 -0.984799 5.91653 -1.17873 0.711675  
PAIR    12 W    19 W   A   c g  C2   C4  RT -0.990132 0.0826785 -0.113147 0.0912868 0.993135 -0.0731359 0.106324 -0.0827431 -0.990883 6.13544 -0.714798 -0.32529  
PAIR    24 W    33 W   A   c g  C2   C4  RT -0.985031 0.124941 -0.118762 0.143552 0.975978 -0.163887 0.095433 -0.178483 -0.979304 5.92251 -1.07656 0.0654711  
PAIR    23 W    34 W   A   c g  C2   C4  RT -0.970549 0.122636 -0.207353 0.191411 0.915196 -0.354653 0.146276 -0.383898 -0.911716 5.92751 -1.09992 -0.632619  
PAIR    41 W    48 W   A   u a  C2   C4  RT -0.992461 0.108553 -0.0569029 0.11616 0.981193 -0.154165 0.0390976 -0.159613 -0.986405 5.97903 -1.50027 -0.0423218  
PAIR    39 W    50 W   A   u a  C2   C4  RT -0.986531 0.147432 0.0708588 0.137752 0.982398 -0.12617 -0.088213 -0.114709 -0.989475 5.93289 -1.17379 0.413389  
PAIR     3 W    56 W   A   g c  C4   C2  RT -0.987408 0.155992 -0.0262975 0.158139 0.977676 -0.138353 0.00412844 -0.14077 -0.990034 6.26998 0.101241 0.0221528  
PAIR    11 W    20 W   A   u a  C2   C4  RT -0.972456 0.173318 0.155851 0.152696 0.978894 -0.135835 -0.176104 -0.108295 -0.978396 6.01595 -1.1396 0.917575  
PAIR     1 W    58 W   A   g c  C4   C2  RT -0.987952 0.154592 0.00716465 0.152471 0.980239 -0.126034 -0.0265069 -0.123424 -0.992 5.75875 -0.663864 -0.108938  
PAIR     8 W    13 H   A   u a  C2   C4  RT 0.286609 0.947389 0.142507 0.952381 -0.297899 0.0650112 0.104043 0.117088 -0.987656 5.54079 -1.43783 0.751847  
PAIR     4 W    55 W   A   g u  C4   C2  RT -0.981616 0.109785 -0.156132 0.125257 0.98776 -0.0929514 0.144017 -0.110799 -0.983353 5.8716 -1.90592 0.144841  
PAIR    28 S    30 H   A   u a  C2   C4  RT -0.68693 0.718022 -0.112123 0.659831 0.680888 0.317827 0.30455 0.144343 -0.941496 2.48532 5.46612 2.35987  
PAIR     9 H    20 H   P   a a  C4   C4  RT -0.999721 -0.0217822 -0.00916099 0.0233615 -0.969357 -0.244543 -0.00355358 -0.244689 0.969595 0.205846 -7.28343 -1.66639  
PAIR    27 W    31 H   A   a a  C4   C4  RT -0.646379 0.759815 0.069822 0.718217 0.636769 -0.280516 -0.2576 -0.131172 -0.957307 9.15415 -0.238708 -2.52327  
PAIR     8 S    38 S   A   u c  C2   C2  RT 0.87543 -0.429306 0.222076 -0.441983 -0.896985 0.00830297 0.195634 -0.105422 -0.974994 -1.11218 4.63845 2.72795  
PAIR    14 W    38 W   P   g c  C4   C2  RT -0.947298 -0.319028 0.0291097 0.31822 -0.947566 -0.0292244 0.0369068 -0.0184209 0.999149 6.12093 -0.107409 -0.0539827  
PAIR    10 H     9 2   P   c a  C2   O2' RT 0.0724908 -0.940314 0.332497 0.653289 -0.207138 -0.728223 0.753631 0.270006 0.599281 -0.980843 -5.9114 0.444246  
PAIR    12 H     9 P   A   c a  C2   OP2 RT -0.384077 0.188527 -0.903849 0.922998 0.103466 -0.370634 0.0236433 -0.976603 -0.213749 0.132916 -6.3074 0.406683  RT -0.384077 0.769588 0.510116 0.922998 0.305883 0.233474 0.0236433 0.560508 -0.827811 0.132916 -6.3074 0.406683  
PAIR    17 W    18 2   P   g a  C4   O2' RT 0.0992405 -0.868836 -0.485053 -0.286202 0.441938 -0.850164 0.953016 0.223194 -0.204804 3.07684 1.30401 -3.01789  
PAIR    18 W     8 2   P   a u  C4   O2' RT -0.721786 0.678543 0.136398 -0.642511 -0.730178 0.232419 0.257301 0.0801192 0.963004 5.09846 -1.25598 -0.0117633  
PAIR    28 W    30 P   A   u a  C2   OP2 RT -0.972052 -0.233768 0.0215966 -0.16117 0.597615 -0.785417 0.170699 -0.766948 -0.61859 2.74769 0.124719 -0.115504  RT -0.972052 0.0627851 -0.226213 -0.16117 0.522154 0.837484 0.170699 0.850537 -0.497442 2.74769 0.124719 -0.115504  
PAIR    29 H    28 2   P   a u  C4   O2' RT 0.679803 0.373384 0.63123 0.562887 -0.817374 -0.12271 0.470133 0.43873 -0.765827 -1.63015 -4.17529 0.212156  
PAIR    44 W    15 2   P   g g  C4   O2' RT -0.358476 0.342504 -0.868439 0.0888137 0.938558 0.333498 0.929305 0.0424216 -0.366869 5.33167 0.251404 -0.327939  
PAIR     5 W    14 W   A   u a  C2   C4  RT -0.935333 -0.0354458 -0.35199 -0.110051 0.974754 0.194278 0.336217 0.220451 -0.91562 5.6487 -0.0045912 -1.57743  
PAIR     2 W    17 W   A   c g  C2   C4  RT -0.975812 0.0200278 -0.21769 0.100607 0.925218 -0.365855 0.194084 -0.378907 -0.904854 5.95988 -0.704537 -1.05881  
PAIR     3 W    16 W   A   c g  C2   C4  RT -0.989419 0.104501 -0.100643 0.12748 0.95738 -0.259176 0.0692698 -0.269263 -0.960572 6.1184 -0.970172 -0.581479  
PAIR     4 W    15 W   A   g c  C4   C2  RT -0.99035 0.132577 -0.0403708 0.135832 0.986363 -0.0929348 0.0274993 -0.0975216 -0.994853 6.17318 0.263024 -0.245661  
PAIR     1 W    18 W   A   a u  C4   C2  RT -0.983638 0.143044 -0.109523 0.164879 0.959772 -0.227274 0.0726066 -0.241613 -0.967652 6.13039 0.186307 -0.511025  
PAIR    22 W    34 W   A   u a  C2   C4  RT -0.999589 0.0233835 0.0165973 0.0202174 0.985172 -0.170374 -0.0203351 -0.169968 -0.98524 6.0658 -0.458399 0.0150363  
PAIR    21 W    35 W   A   c g  C2   C4  RT -0.989606 0.0149347 -0.143026 0.0499402 0.968382 -0.244422 0.134853 -0.249025 -0.959063 5.91501 -0.921603 -0.965657  
PAIR     5 W    55 W   A   c g  C2   C4  RT -0.990958 0.0440642 -0.126731 0.0755182 0.963892 -0.255361 0.110903 -0.262623 -0.958504 6.05256 -0.834728 -0.781354  
PAIR     8 W    19 W   A   c g  C2   C4  RT -0.998159 0.0597121 -0.0106257 0.05977 0.998199 -0.00522239 0.0102947 -0.00584787 -0.99993 6.13178 -0.699102 -0.563434  
PAIR    41 W    52 W   A   c g  C2   C4  RT -0.993492 0.0767276 0.0841837 0.0678548 0.992299 -0.103625 -0.0914863 -0.0972385 -0.991047 6.07624 -0.790357 0.267145  
PAIR     9 W    18 W   A   c g  C2   C4  RT -0.995446 0.0907226 0.0292601 0.0940922 0.98434 0.14907 -0.0152779 0.151144 -0.988394 6.08772 -0.699736 -0.106324  
PAIR     1 W    59 W   A   u a  C2   C4  RT -0.989642 0.071154 -0.124686 0.0974643 0.970701 -0.219635 0.105405 -0.229513 -0.967581 6.00904 -1.05661 -0.575499  
PAIR     3 W    57 W   A   c g  C2   C4  RT -0.993944 0.0882527 -0.06548 0.0934755 0.992278 -0.0815241 0.0577796 -0.0871511 -0.994518 6.13203 -0.82191 -0.209533  
PAIR     2 W    58 W   A   c g  C2   C4  RT -0.969609 0.0754068 -0.232751 0.118409 0.977115 -0.176709 0.2141 -0.198899 -0.956348 6.00429 -0.7598 -1.33685  
PAIR    24 W    32 W   A   g c  C4   C2  RT -0.991336 0.107495 -0.0754894 0.0898793 0.974214 0.206952 0.0957891 0.198374 -0.975434 6.21823 0.186496 -0.201874  
PAIR    44 W    49 W   A   g c  C4   C2  RT -0.967416 0.12207 0.221822 0.0750875 0.975011 -0.209082 -0.241801 -0.185614 -0.952407 6.21011 0.216712 0.287773  
PAIR    23 W    33 W   A   g c  C4   C2  RT -0.986647 0.13138 0.0962651 0.124057 0.989166 -0.0784912 -0.105534 -0.0655007 -0.992256 6.16297 -0.0198392 0.174401  
PAIR     6 W    54 W   A   g c  C4   C2  RT -0.990184 0.122964 0.0664496 0.106406 0.971447 -0.212057 -0.0906276 -0.202905 -0.974996 6.22723 0.0766805 -0.152358  
PAIR    14 W    45 W   A   g c  C4   C2  RT -0.896094 0.186186 0.402928 0.0297553 0.930928 -0.36399 -0.442867 -0.31418 -0.839738 6.13782 0.306248 1.00953  
PAIR    43 W    50 W   A   g c  C4   C2  RT -0.983942 0.123541 -0.128822 0.134761 0.987452 -0.0823278 0.117035 -0.0983659 -0.988244 6.25413 0.24081 -0.634019  
PAIR    42 W    51 W   A   a u  C4   C2  RT -0.988183 0.153264 0.00211247 0.152514 0.984533 -0.0862191 -0.0152941 -0.084878 -0.996274 6.28427 0.140401 -0.154612  
PAIR     7 W    11 H   A   u a  C2   C4  RT 0.176972 0.96204 0.20775 0.983543 -0.180668 -0.00120189 0.0363776 0.204544 -0.978181 5.60302 -1.01068 1.27186  
PAIR     4 W    56 W   A   u g  C2   C4  RT -0.988688 0.139002 -0.056334 0.144806 0.982504 -0.11712 0.0390685 -0.123953 -0.991519 5.93908 1.23468 -0.584994  
PAIR    12 W    40 W   P   a u  C4   C2  RT -0.964834 -0.156363 0.211294 0.114203 -0.973358 -0.198825 0.236754 -0.167702 0.956987 5.90381 -2.13215 -0.993911  
PAIR    11 W    16 S   A   a a  C4   C4  RT -0.667139 -0.739505 0.0897668 -0.733657 0.631366 -0.251244 0.129121 -0.233473 -0.963752 6.05717 -4.51796 0.710685  
PAIR    10 W    17 W   A   c c  C2   C2  RT -0.975377 0.159972 -0.151817 0.167797 0.985004 -0.04013 0.143121 -0.0646164 -0.987594 4.58745 3.98099 -0.815406  
PAIR     7 S    16 W   P   u a  C2   C4  RT -0.797048 0.428024 -0.426041 -0.523767 -0.841122 0.13484 -0.300638 0.33062 0.894599 2.47616 5.76221 -0.1271  
PAIR     7 H    11 P   A   u a  C2   OP2 RT -0.680398 -0.358682 -0.639066 0.731831 -0.286763 -0.618215 0.0384823 -0.888321 0.457608 0.948884 -5.34757 2.29448  RT -0.680398 0.72863 -0.0784658 0.731831 0.681176 -0.0205409 0.0384823 -0.0713997 -0.996705 0.948884 -5.34757 2.29448  
PAIR    11 W    16 2   A   a a  C4   O2' RT -0.651307 0.616976 0.441747 0.642778 0.757976 -0.11094 -0.403281 0.21169 -0.890254 5.18889 -0.357893 0.6952  
PAIR    16 W     7 2   P   a u  C4   O2' RT -0.557628 0.829426 0.0332073 -0.800084 -0.547699 0.244726 0.22117 0.109898 0.969023 5.22889 -0.274146 0.605964  
PAIR    25 W    30 2   A   c a  C2   O2' RT -0.0304125 0.998972 -0.0336079 -0.759561 -0.0449538 -0.648881 -0.649725 0.00579313 0.760147 3.31861 -0.877971 0.930582  
PAIR    39 W    17 P   A   a c  C4   OP2 RT -0.575498 -0.236137 -0.78297 0.727383 0.289794 -0.62204 0.373786 -0.927501 0.00498664 5.01473 -3.51493 0.00804376  RT -0.575498 0.815755 0.0578538 0.727383 0.478252 0.492127 0.373786 0.3253 -0.868599 5.01473 -3.51493 0.00804376  
PAIR    47 W    12 2   A   g a  C4   O2' RT -0.484044 0.801345 -0.351493 -0.342142 -0.543029 -0.76685 -0.805383 -0.250928 0.537023 5.28695 -0.943946 0.376215  
PAIR     6 S     7 H   P   u u  C2   C2  RT 0.953411 -0.291999 -0.0757873 0.250901 0.907005 -0.338216 0.167498 0.303444 0.938012 1.37574 6.90339 1.14955  
PAIR     7 S     8 H   P   u u  C2   C2  RT 0.953776 -0.276878 -0.11683 0.228119 0.920129 -0.318314 0.195633 0.276949 0.940759 1.47303 6.80893 1.30018  
PAIR    29 W    90 W   A   u a  C2   C4  RT -0.933206 -0.0751619 -0.351392 -0.00752 0.981751 -0.190023 0.359262 -0.174688 -0.916741 5.53288 -0.529725 -1.78218  
PAIR     5 W   112 W   A   u a  C2   C4  RT -0.998938 0.00138485 -0.0460463 0.000634547 0.999867 0.0163052 0.0460627 0.0162586 -0.998806 5.91847 -0.879762 -0.509815  
PAIR    42 W    57 W   A   u a  C2   C4  RT -0.994252 0.00933937 -0.106653 0.0302994 0.980007 -0.196644 0.102684 -0.198745 -0.974657 6.05777 -0.606728 -0.341484  
PAIR    31 W    88 W   A   a u  C4   C2  RT -0.998863 0.00702157 0.0471597 -0.00485664 0.968969 -0.247135 -0.0474315 -0.247083 -0.967833 5.9456 0.643808 -0.319719  
PAIR    44 W    55 W   A   a u  C4   C2  RT -0.998018 0.0542491 -0.0319032 0.0549454 0.998261 -0.0213682 0.0306886 -0.0230787 -0.999263 5.80063 0.483227 0.0191605  
PAIR    27 W    91 W   A   g c  C4   C2  RT -0.962571 0.0543501 0.265526 0.0799602 0.993029 0.0866059 -0.258967 0.104596 -0.960206 5.85498 0.446026 1.13489  
PAIR    63 W    73 W   A   c g  C2   C4  RT -0.978717 0.0638407 0.195031 0.0411138 0.992111 -0.118433 -0.201054 -0.107894 -0.97362 6.05455 -0.882878 0.412746  
PAIR   129 W   141 W   A   a u  C4   C2  RT -0.992818 0.106853 -0.0538073 0.111413 0.989654 -0.0904047 0.0435905 -0.0957502 -0.99445 5.86382 0.330273 0.392786  
PAIR     7 W   110 W   A   c g  C2   C4  RT -0.958145 0.0336965 -0.284292 0.0890663 0.978853 -0.184157 0.272075 -0.20177 -0.940885 5.97319 -0.860383 -1.36381  
PAIR   120 W   149 W   A   c g  C2   C4  RT -0.959961 -0.060088 -0.273613 0.0475346 0.92762 -0.370488 0.27607 -0.36866 -0.887623 5.99521 -0.362466 -1.61746  
PAIR    35 W    79 W   A   c g  C2   C4  RT -0.99622 0.032624 -0.0805096 0.0650856 0.894134 -0.443045 0.0575325 -0.44661 -0.892877 5.95022 -0.651972 -0.945382  
PAIR     6 W   111 W   A   g c  C4   C2  RT -0.996283 0.0800081 0.0319293 0.0744855 0.986287 -0.147274 -0.0432746 -0.144349 -0.98858 5.97943 0.591935 -0.251994  
PAIR   126 W   144 W   A   u a  C2   C4  RT -0.98386 0.0951017 -0.151575 0.114809 0.985228 -0.127063 0.137252 -0.142414 -0.980245 6.09028 -0.865689 -0.469309  
PAIR    47 W    52 W   A   g c  C4   C2  RT -0.996404 0.0837689 0.0127143 0.0847214 0.983128 0.162115 0.00108039 0.162609 -0.98669 6.1957 0.0631806 0.302317  
PAIR    64 W    72 W   A   c g  C2   C4  RT -0.99344 0.110211 -0.0305 0.1139 0.977383 -0.178182 0.0101726 -0.180487 -0.983525 6.00785 -0.927418 -0.274401  
PAIR   119 W   150 W   A   u a  C2   C4  RT -0.994068 0.108745 0.00193334 0.108094 0.98977 -0.0931219 -0.0120401 -0.0923605 -0.995653 5.9344 -1.15858 0.430806  
PAIR    41 W    58 W   A   c g  C2   C4  RT -0.990998 0.109047 -0.0776632 0.12379 0.967295 -0.221397 0.0509805 -0.229018 -0.972086 6.11232 -0.745785 -0.34733  
PAIR    43 W    56 W   A   c g  C2   C4  RT -0.986338 0.0737313 -0.147313 0.084685 0.99398 -0.0695162 0.1413 -0.0810416 -0.986644 5.91633 -0.405396 -0.729269  
PAIR   128 W   142 W   A   a u  C4   C2  RT -0.976189 0.129467 -0.174049 0.142788 0.987531 -0.0662807 0.163298 -0.0895548 -0.982504 5.95387 0.195703 -0.126192  
PAIR   131 W   139 W   A   a u  C4   C2  RT -0.967498 0.177739 0.179879 0.161087 0.981508 -0.103409 -0.194932 -0.0710717 -0.978238 5.87204 -0.239247 0.836595  
PAIR   127 W   143 W   A   c g  C2   C4  RT -0.983729 0.117665 -0.135766 0.129199 0.988427 -0.079498 0.12484 -0.0957453 -0.987546 6.06813 -0.651655 -0.538369  
PAIR    40 W    59 W   A   u a  C2   C4  RT -0.982638 0.13143 -0.13095 0.155492 0.968437 -0.194813 0.101212 -0.211793 -0.97206 5.85022 -1.17256 -0.605166  
PAIR    10 W   106 W   A   g c  C4   C2  RT -0.98976 0.135393 0.0452111 0.112649 0.935409 -0.335142 -0.0876668 -0.326617 -0.941082 6.25721 -0.165865 -0.232612  
PAIR    16 W   101 W   A   g c  C4   C2  RT -0.988525 0.115845 -0.0969434 0.136373 0.960411 -0.242925 0.0649639 -0.253358 -0.965189 6.10035 0.0169556 -0.457965  
PAIR    32 W    87 W   A   g c  C4   C2  RT -0.98852 0.151036 -0.00398809 0.149285 0.97231 -0.1798 -0.0232787 -0.178331 -0.983695 6.06591 -0.206781 0.148142  
PAIR     1 W   115 W   A   g c  C4   C2  RT -0.992699 0.110163 0.0491156 0.10085 0.981457 -0.163008 -0.0661624 -0.156865 -0.985401 5.83351 -0.265377 -0.382887  
PAIR   130 W   140 W   A   c g  C2   C4  RT -0.983238 0.165049 0.0774666 0.157383 0.98282 -0.0964103 -0.0920481 -0.0826025 -0.992323 5.88781 -1.11432 0.944581  
PAIR    25 W    93 W   A   c g  C2   C4  RT -0.878229 0.0160735 -0.477971 0.236832 0.882896 -0.405468 0.415481 -0.469292 -0.779192 5.43052 -0.789437 -2.43746  
PAIR    26 W    92 W   A   c g  C2   C4  RT -0.968317 0.0149483 -0.249277 0.0763692 0.96811 -0.238602 0.237761 -0.250079 -0.938579 5.61973 -0.207737 -1.92384  
PAIR     9 W   107 W   A   g c  C4   C2  RT -0.986075 0.159539 0.0469414 0.152539 0.980126 -0.126824 -0.0662419 -0.117898 -0.990814 6.04146 0.178116 -0.264153  
PAIR    36 W    78 W   A   c g  C2   C4  RT -0.985619 0.16039 -0.0531962 0.166125 0.977331 -0.131251 0.0309389 -0.138201 -0.989921 5.99619 -0.823538 -0.556534  
PAIR     8 W   109 W   A   g c  C4   C2  RT -0.998823 0.0418377 -0.0245506 0.0414927 0.999035 0.0143975 0.0251292 0.0133619 -0.999595 6.17693 -0.23057 0.274996  
PAIR    15 W   102 W   A   g c  C4   C2  RT -0.9801 0.154227 -0.124972 0.170634 0.976262 -0.133407 0.10143 -0.152076 -0.98315 6.19756 -0.223329 -0.741906  
PAIR   121 W   148 W   A   c g  C2   C4  RT -0.981817 0.14644 -0.120792 0.169123 0.963774 -0.206245 0.0862132 -0.222923 -0.971016 6.14772 -1.02133 -0.785766  
PAIR    34 W    80 W   A   a u  C4   C2  RT -0.946345 0.164839 0.277954 0.0878077 0.958925 -0.269727 -0.310999 -0.230849 -0.921948 6.30461 0.399167 -0.414983  
PAIR    19 W    98 W   A   c g  C2   C4  RT -0.982138 0.175379 0.0681777 0.176067 0.984369 0.00417777 -0.0663794 0.016107 -0.997664 6.31469 -0.961628 0.230672  
PAIR    30 W    89 W   A   c g  C2   C4  RT -0.974463 -0.0163221 -0.223954 4.45099e-05 0.997341 -0.0728812 0.224548 -0.07103 -0.971871 6.19195 0.437066 -1.23409  
PAIR   132 W   138 W   A   g c  C4   C2  RT -0.94292 0.330404 -0.0416631 0.331819 0.921515 -0.201761 -0.0282694 -0.204069 -0.978548 6.24809 -1.22232 -0.00274759  
PAIR   124 W   147 W   A   a u  C4   C2  RT -0.916287 0.19971 0.34718 0.386383 0.669039 0.634898 -0.105481 0.715893 -0.690196 5.95525 -1.05794 1.42421  
PAIR   133 W   137 W   A   a u  C4   C2  RT -0.866962 0.490266 0.0895362 0.454589 0.851563 -0.261132 -0.20427 -0.185689 -0.961142 5.83809 -1.19091 0.955183  
PAIR   122 W   146 H   A   u a  C2   C4  RT 0.0529981 0.993757 0.0981778 0.969532 -0.0276597 -0.243399 -0.239164 0.108086 -0.964945 5.72324 -0.294049 0.181569  
PAIR    14 W   103 W   A   g u  C4   C2  RT -0.98685 0.12249 -0.105464 0.146478 0.953587 -0.263091 0.0683432 -0.275079 -0.958989 5.5269 -1.89613 0.141043  
PAIR   125 W   145 W   A   g u  C4   C2  RT -0.976484 0.122025 0.177735 0.0897668 0.979669 -0.179415 -0.196015 -0.159241 -0.967585 5.65051 -1.84817 0.185799  
PAIR   118 W   151 W   A   g u  C4   C2  RT -0.985921 0.101978 -0.132516 0.116374 0.987548 -0.105857 0.120071 -0.119788 -0.985512 5.64213 -1.84568 0.0312306  
PAIR    45 W    54 W   A   g u  C4   C2  RT -0.996743 0.0763202 -0.0260666 0.0796466 0.98232 -0.169423 0.0126754 -0.170947 -0.985199 5.59989 -1.87779 -0.348423  
PAIR    39 W    60 W   A   g u  C4   C2  RT -0.976452 0.0756211 -0.202047 0.143627 0.926697 -0.347281 0.160975 -0.368123 -0.915736 5.37493 -2.11334 -0.642606  
PAIR    17 W   100 W   A   g u  C4   C2  RT -0.954486 0.103722 0.27964 -0.022103 0.910406 -0.413125 -0.297436 -0.400503 -0.866677 5.77533 -2.08841 0.321366  
PAIR    46 W    53 W   A   g u  C4   C2  RT -0.984654 0.0574095 0.164804 0.0550418 0.998305 -0.0189018 -0.16561 -0.00954064 -0.986145 5.85133 -2.07253 -0.072523  
PAIR    18 W    99 W   A   u g  C2   C4  RT -0.976768 0.0930474 0.193043 0.0796674 0.993922 -0.0759688 -0.198939 -0.0588247 -0.978245 5.84813 1.77751 1.24754  
PAIR    48 S    51 H   A   g a  C4   C4  RT -0.921716 0.307634 -0.236222 0.317155 0.94837 -0.00243751 0.223277 -0.0771659 -0.971696 2.43003 6.46867 0.892887  
PAIR    37 H    62 S   A   a g  C4   C4  RT -0.969968 -0.141922 0.197534 -0.0305812 0.876836 0.479816 -0.241302 0.459365 -0.854843 1.64528 -6.50613 0.0646792  
PAIR    38 H    61 S   A   a g  C4   C4  RT -0.97126 -0.042399 -0.234216 0.00834995 0.977332 -0.211548 0.237876 -0.207423 -0.948889 2.36329 -6.61102 0.143833  
PAIR    50 W   122 S   A   a u  C4   C2  RT 0.660056 -0.639719 0.39381 -0.479845 -0.762384 -0.434187 0.577992 0.0976198 -0.810182 3.65039 4.70681 -0.557738  
PAIR     2 W   114 W   A   a c  C4   C2  RT -0.897961 0.238638 0.369753 0.103301 0.931031 -0.350014 -0.427778 -0.276103 -0.860682 5.70126 -0.95363 0.872088  
PAIR    51 W   148 S   P   a g  C4   C4  RT -0.872171 -0.392389 -0.292144 0.389938 -0.918238 0.069193 -0.295409 -0.0535701 0.953868 3.91835 4.21611 1.3829  
PAIR     8 S    81 W   A   g a  C4   C4  RT 0.801771 -0.508344 0.314244 -0.595513 -0.7238 0.348538 0.0502727 -0.466584 -0.883047 -0.640409 6.27468 -0.329565  
PAIR    12 H   104 S   A   a a  C4   C4  RT -0.972213 0.195429 0.128877 0.186487 0.979336 -0.0782587 -0.141508 -0.0520502 -0.988568 1.6729 -6.68917 -0.339973  
PAIR    11 S   105 H   A   a a  C4   C4  RT -0.959299 0.281273 0.0251266 0.262533 0.921075 -0.28757 -0.104029 -0.269269 -0.95743 3.27325 5.84752 -0.762824  
PAIR    82 W   110 S   P   a g  C4   C4  RT -0.926058 -0.368757 0.0802155 0.356414 -0.784758 0.507075 -0.124038 0.498171 0.858161 3.92414 3.56365 -2.32944  
PAIR    49 W   146 W   P   a a  C4   C4  RT -0.99958 0.0268486 0.0109519 -0.0200108 -0.912069 0.409548 0.0209846 0.409156 0.912223 7.77984 -3.62712 0.691989  
PAIR    21 W    96 H   A   a a  C4   C4  RT 0.227485 0.877395 0.422407 0.78537 -0.421767 0.453107 0.575712 0.228671 -0.785026 7.15988 -3.30208 1.39646  
PAIR    66 H    86 W   A   u g  C2   C4  RT 0.14372 0.975751 -0.16509 0.939674 -0.0822274 0.332041 0.310414 -0.202852 -0.928706 -0.408927 -8.7083 -1.4051  
PAIR     3 H   156 W   P   a u  C4   C2  RT 0.259056 -0.943014 -0.208842 0.92119 0.306227 -0.24007 0.290342 -0.130192 0.948025 -2.3583 -4.99905 -1.0342  
PAIR    33 W    85 H   P   u a  C2   C4  RT 0.257747 0.923002 -0.285716 -0.915055 0.328128 0.234533 0.310226 0.200996 0.929172 5.74694 -0.899328 0.348958  
PAIR   116 S   117 H   P   a a  C4   C4  RT 0.987489 -0.0807914 0.13542 0.106878 0.974343 -0.19807 -0.115943 0.210065 0.970788 -0.359704 6.22718 0.746086  
PAIR   123 S   124 H   P   a a  C4   C4  RT 0.988355 -0.0332259 -0.148494 -0.0164645 0.94679 -0.321431 0.151273 0.320133 0.935217 -0.0456742 6.31403 1.38033  
PAIR    24 W    94 W   A   g a  C4   C4  RT -0.829198 0.289599 -0.478082 0.361323 0.930299 -0.0631574 0.426469 -0.225112 -0.876041 7.6148 -1.39811 -1.99911  
PAIR   113 W   157 W   A   g u  C4   C2  RT -0.786425 0.616099 -0.0442426 0.601492 0.747548 -0.281743 -0.140508 -0.248181 -0.958469 7.69251 -2.77592 2.21102  
PAIR    69 S    70 H   P   a a  C4   C4  RT 0.997667 -0.0673923 0.0109025 0.0682485 0.988438 -0.135398 -0.00165171 0.135826 0.990731 -0.936586 6.68057 2.11033  
PAIR    51 S   149 S   P   a g  C4   C4  RT -0.519484 -0.822781 -0.23058 0.835599 -0.545574 0.0642191 -0.178637 -0.159311 0.970932 2.28591 5.48819 -2.59889  
PAIR    22 H    95 W   A   c c  C2   C2  RT -0.00824609 0.982239 0.187453 0.983518 -0.0258934 0.178945 0.180621 0.185839 -0.965837 -0.116134 -6.62113 0.593575  
PAIR   133 S   134 H   A   a u  C4   C2  RT -0.431135 0.29863 -0.851436 0.895929 0.253517 -0.364746 0.106929 -0.920081 -0.376852 1.00113 5.72698 -2.58246  
PAIR    65 W    71 W   P   u a  C2   C4  RT -0.981382 0.185597 -0.0494208 -0.190294 -0.974453 0.119286 -0.0260192 0.126469 0.991629 5.79082 -6.40012 1.12671  
PAIR    95 S    98 S   A   c g  C2   C4  RT 0.876006 -0.445571 -0.184607 -0.475378 -0.733064 -0.486449 0.0814192 0.513891 -0.853983 -0.374494 6.39268 -2.53829  
PAIR     2 H   155 W   P   a g  C4   C4  RT 0.5491 -0.715311 -0.432227 0.753016 0.647797 -0.115436 0.362568 -0.262088 0.894346 -3.87774 -7.11721 -1.48579  
PAIR    22 W    99 S   P   c g  C2   C4  RT -0.00355974 -0.80964 -0.586917 0.95469 0.171906 -0.242931 0.297581 -0.561188 0.772343 4.94343 -3.92617 0.573247  
PAIR     6 H   158 W   P   g c  C4   C2  RT 0.285158 -0.95774 0.0376778 0.946314 0.275077 -0.169774 0.152235 0.0840673 0.984762 -1.68691 -5.16334 -0.0394044  
PAIR     7 S    82 2   A   c a  C2   O2' RT -0.658782 -0.747591 0.0843453 -0.751985 0.657738 -0.043582 -0.0228956 -0.0921375 -0.995483 -0.0233183 3.70559 -0.193621  
PAIR    21 S    19 2   A   a c  C4   O2' RT -0.794541 -0.52054 0.312638 -0.145338 0.66294 0.73443 -0.58956 0.538097 -0.602388 1.29121 3.59828 0.0283117  
PAIR    23 W    18 2   A   a u  C4   O2' RT -0.608455 -0.778507 -0.153979 0.787689 -0.616069 0.00221311 -0.0965847 -0.119941 0.988072 4.83354 -3.43824 -0.231265  
PAIR    35 S    84 2   P   c a  C2   O2' RT -0.581616 -0.802462 -0.133331 -0.810846 0.585042 0.0159572 0.0651989 0.117392 -0.990943 0.491077 3.69774 -0.235125  
PAIR    38 W    61 2   A   a g  C4   O2' RT 0.0141707 0.992346 -0.122674 0.953373 -0.0503982 -0.297555 -0.30146 -0.112738 -0.94679 5.20555 -3.30138 0.0140805  
PAIR    48 W    51 P   A   g a  C4   OP2 RT -0.648641 -0.597675 0.471221 -0.582498 -0.00865067 -0.812786 0.489859 -0.801692 -0.342533 5.58783 1.52534 -0.626015  RT -0.648641 -0.254081 -0.717432 -0.582498 0.772427 0.253088 0.489859 0.582065 -0.649029 5.58783 1.52534 -0.626015  
PAIR    50 H    48 2   P   a g  C4   O2' RT 0.915779 0.152201 0.371732 0.373646 -0.662458 -0.649259 0.147439 0.733474 -0.663535 -0.371185 -4.94617 0.837796  
PAIR    50 S   122 2   A   a u  C4   O2' RT -0.554131 -0.806028 0.207985 -0.832263 0.54144 -0.119081 -0.016629 -0.239085 -0.970856 -0.26763 3.52418 -0.442538  
PAIR    50 W   148 2   P   a g  C4   O2' RT -0.80737 0.589367 -0.0283097 -0.578228 -0.780732 0.236875 0.117504 0.207615 0.971128 4.90883 -3.32027 -1.07255  
PAIR    51 W   148 2   P   a g  C4   O2' RT -0.19683 0.971264 0.133806 -0.968947 -0.213536 0.124674 0.149663 -0.105112 0.983134 5.34778 0.113475 0.903274  
PAIR    61 W    37 P   A   g a  C4   OP2 RT -0.980518 -0.162231 -0.110746 0.15275 -0.275285 -0.94915 0.123495 -0.947576 0.294703 5.09974 -0.238345 -0.132024  RT -0.980518 0.161192 -0.112253 0.15275 0.985007 0.0801816 0.123495 0.0614729 -0.990439 5.09974 -0.238345 -0.132024  
PAIR    66 W     9 2   A   u g  C2   O2' RT -0.859168 0.0728255 -0.506484 0.164124 -0.898302 -0.407574 -0.484658 -0.433301 0.75984 3.34921 -0.199312 0.179514  
PAIR    74 W    62 P   A   g g  C4   OP2 RT -0.774375 0.507852 -0.377399 0.0505369 -0.544916 -0.836967 -0.630706 -0.667198 0.396304 5.21288 0.127712 0.366443  RT -0.774375 0.175804 0.607813 0.0505369 0.97474 -0.217549 -0.630706 -0.137747 -0.763699 5.21288 0.127712 0.366443  
PAIR    75 W    61 P   A   u g  C2   OP1 RT -0.295163 0.796725 0.52736 -0.844473 -0.475727 0.246067 0.446927 -0.372711 0.81323 3.32129 -0.947952 -0.682225  RT -0.295163 0.207229 -0.932703 -0.844473 0.400049 0.356125 0.446927 0.892758 0.0569191 3.32129 -0.947952 -0.682225  
PAIR    80 W    84 2   A   u a  C2   O2' RT 0.828889 0.480018 0.287273 -0.554289 0.77408 0.305883 -0.0755427 -0.412775 0.907695 2.43702 3.09958 1.04955  
PAIR    81 S     8 2   P   a g  C4   O2' RT -0.739787 -0.667431 -0.0851591 -0.65941 0.744351 -0.10545 0.133769 -0.0218555 -0.990772 0.145451 3.61413 -0.989588  
PAIR    82 W   110 2   P   a g  C4   O2' RT 0.00271231 0.749971 0.661465 -0.729867 -0.450686 0.513981 0.683584 -0.484176 0.546157 5.00305 -0.420353 -1.15913  
PAIR    83 S    37 2   P   u a  C2   O2' RT -0.330251 0.819063 -0.469115 -0.55353 0.234512 0.79913 0.764551 0.523583 0.375928 0.525495 3.68929 -1.09299  
PAIR    84 W    79 2   P   a g  C4   O2' RT 0.0114932 0.511338 0.859303 -0.658858 -0.642563 0.391177 0.75218 -0.570654 0.329514 4.39228 -1.2418 -1.62638  
PAIR    86 H    80 2   A   g u  C4   O2' RT 0.0267153 0.883501 -0.467667 0.993944 -0.07336 -0.0818106 -0.106588 -0.462649 -0.880111 -3.3682 -1.6768 -2.02294  
PAIR    98 S    95 2   A   g c  C4   O2' RT -0.36324 -0.909215 -0.203431 -0.714724 0.131857 0.686865 -0.597684 0.394894 -0.697734 0.20969 3.59374 0.618177  
PAIR   105 H   104 2   A   a a  C4   O2' RT 0.253005 -0.94846 -0.19082 0.961241 0.224103 0.160602 -0.109561 -0.224057 0.968398 -3.59315 -1.47757 2.31755  
PAIR   121 S    51 2   P   c a  C2   O2' RT -0.570026 -0.812919 0.119303 -0.791503 0.504349 -0.345188 0.220439 -0.291195 -0.93092 0.686969 3.95703 -0.310317  
PAIR   123 W   146 P   A   a a  C4   OP2 RT -0.975608 -0.117795 0.185239 -0.215233 0.347332 -0.912708 0.0431732 -0.930314 -0.364213 4.65406 -4.17609 0.37316  RT -0.975608 -0.12997 -0.17691 -0.215233 0.724836 0.654437 0.0431732 0.676551 -0.735129 4.65406 -4.17609 0.37316  
PAIR   125 H   123 2   A   g a  C4   O2' RT -0.0585121 -0.963455 -0.261402 0.660009 -0.233792 0.713954 -0.748976 -0.130753 0.649568 1.64897 -5.20952 1.04239  
PAIR   133 W   135 P   A   a c  C4   OP2 RT -0.590069 -0.703985 -0.395251 -0.27299 0.634704 -0.72293 0.759799 -0.318679 -0.5667 3.49447 -0.585052 -2.49037  RT -0.590069 0.683131 -0.430291 -0.27299 0.332752 0.902636 0.759799 0.650083 -0.0098588 3.49447 -0.585052 -2.49037  
PAIR   145 W   123 2   P   u a  C2   O2' RT 0.263193 0.945441 0.192019 0.758718 -0.325783 0.564103 0.595883 -0.00277972 -0.803067 3.43779 -3.9177 -0.936958  
PAIR   148 H   146 2   A   g a  C4   O2' RT -0.418113 -0.604338 -0.678201 0.419157 -0.790713 0.446185 -0.805909 -0.0977173 0.58392 -1.71832 -4.87907 0.27443  
