PAIR     2 H     4 H   P   a a  C4   C4  RT -0.978185 -0.0327765 0.205133 0.00208791 -0.988976 -0.148064 0.207724 -0.144406 0.96747 0.106742 -7.5422 0.316937  
PAIR     2 W     4 P   A   a a  C4   O2P RT -0.552724 -0.271489 -0.787902 0.698416 0.364898 -0.615682 0.454655 -0.890586 -0.0120755 4.80199 -3.67968 -0.246316  RT -0.552724 -0.653224 0.517488 0.698416 -0.701867 -0.139994 0.454655 0.284044 0.844161 4.80199 -3.67968 -0.246316  
PAIR     4 W     2 P   P   a a  C4   O1P RT -0.539758 -0.325924 0.776167 0.74941 0.233957 0.619393 -0.383464 0.91599 0.117971 4.75493 -3.4786 -1.54362  RT -0.539758 -0.641332 -0.545302 0.74941 -0.661138 0.0357762 -0.383464 -0.389344 0.837476 4.75493 -3.4786 -1.54362  
PAIR     3 W    16 W   A   c g  C2   C4  RT -0.984871 0.0794886 -0.153985 0.0968911 0.989307 -0.109014 0.143673 -0.122285 -0.982041 6.10524 -0.711296 -0.712612  
PAIR     4 W    15 W   A   c g  C2   C4  RT -0.983574 0.100868 -0.149694 0.112687 0.990969 -0.0726792 0.141011 -0.088354 -0.986057 6.12674 -0.737182 -0.719668  
PAIR     5 W    14 W   A   c g  C2   C4  RT -0.99324 0.112683 -0.0278686 0.114498 0.990544 -0.0755881 0.0190876 -0.078268 -0.99675 6.15714 -0.920687 -0.176264  
PAIR     7 W    12 W   A   c g  C2   C4  RT -0.923993 0.116851 -0.364119 0.130437 0.991373 -0.0128547 0.359476 -0.0593724 -0.931264 5.81529 -0.739204 -1.93842  
PAIR     6 W    13 W   A   a u  C4   C2  RT -0.987729 0.154226 0.0245935 0.146716 0.970301 -0.192326 -0.0535249 -0.186358 -0.981023 6.25439 0.383161 -0.218313  
PAIR    10 W     9 P   P   g c  C4   O1P RT -0.355729 0.819338 -0.449602 -0.93458 -0.309753 0.174965 0.00409045 0.48243 0.875925 5.23258 1.41091 0.670506  RT -0.355729 0.110058 0.928086 -0.93458 -0.0462366 -0.352735 0.00409045 -0.992849 0.119305 5.23258 1.41091 0.670506  
PAIR    30 W    44 W   A   u a  C2   C4  RT -0.981864 -0.0449682 -0.184177 -0.0613217 0.99457 0.0840794 0.179396 0.0938486 -0.97929 6.06034 -0.482288 -0.349592  
PAIR    29 W    45 W   A   u a  C2   C4  RT -0.999865 0.00996563 0.0130402 0.00959669 0.99956 -0.0280555 -0.0133141 -0.0279266 -0.999521 6.0114 -0.667099 0.442419  
PAIR    28 W    46 W   A   u a  C2   C4  RT -0.99638 0.032714 -0.0784602 0.0414616 0.992776 -0.112591 0.0742102 -0.115436 -0.990539 5.93961 -0.433811 -0.333965  
PAIR    15 W    22 W   A   u a  C2   C4  RT -0.977131 0.0553424 -0.205311 0.0568416 0.998382 -0.00140702 0.204901 -0.0130451 -0.978696 5.87969 -1.01251 -0.774985  
PAIR    26 W    48 W   A   u a  C2   C4  RT -0.984724 0.0659247 -0.161161 0.0653676 0.997823 0.00876227 0.161387 -0.00190627 -0.986889 6.0107 -0.446485 -0.465632  
PAIR     3 W    36 W   A   u a  C2   C4  RT -0.994802 0.0978283 -0.0282757 0.101669 0.969881 -0.221348 0.0057699 -0.223072 -0.974785 5.87691 -0.965281 -0.167299  
PAIR    27 W    47 W   A   u a  C2   C4  RT -0.975997 0.0460976 -0.21285 0.0819559 0.98324 -0.162854 0.201776 -0.17639 -0.963417 5.95829 -0.956902 -1.22248  
PAIR     2 W    37 W   A   c g  C2   C4  RT -0.993467 0.0902906 -0.0697875 0.105735 0.958351 -0.2653 0.0429268 -0.270946 -0.961637 5.82326 -1.18074 -0.520731  
PAIR     6 W    33 W   A   g c  C4   C2  RT -0.987745 0.110621 0.110099 0.0838141 0.971044 -0.223716 -0.131659 -0.211747 -0.968416 6.19505 0.0309501 -0.152169  
PAIR    14 W    23 W   A   u a  C2   C4  RT -0.983518 0.106951 -0.145788 0.127318 0.982159 -0.138398 0.128385 -0.154679 -0.979588 5.97606 -1.11182 -0.576591  
PAIR     4 W    35 W   A   g c  C4   C2  RT -0.986931 0.154923 0.0443527 0.14207 0.966392 -0.214247 -0.0760538 -0.205146 -0.975772 6.03566 -0.0167327 -0.121502  
PAIR    16 W    21 W   A   c g  C2   C4  RT -0.977541 0.135259 -0.161615 0.08121 0.949406 0.303371 0.194472 0.283432 -0.939067 6.16415 -0.649505 -0.491115  
PAIR     5 W    34 W   A   g c  C4   C2  RT -0.987619 0.132443 0.0840718 0.108075 0.962893 -0.247299 -0.113705 -0.235151 -0.965285 6.22797 0.0710843 -0.0535937  
PAIR    12 W    25 W   A   c g  C2   C4  RT -0.962972 0.114849 -0.243917 0.183892 0.941407 -0.282732 0.197154 -0.317117 -0.927668 6.12849 -1.26395 -0.754575  
PAIR    13 W    24 W   A   c g  C2   C4  RT -0.959034 0.171256 -0.225667 0.220086 0.951969 -0.21288 0.178371 -0.253825 -0.950661 5.81945 -1.50469 -0.723558  
PAIR     1 W    38 W   A   g u  C4   C2  RT -0.99916 0.0349182 0.0214376 0.0303825 0.982429 -0.184147 -0.027491 -0.183341 -0.982665 5.79371 -1.7889 -0.0863133  
PAIR    17 S    20 H   A   g a  C4   C4  RT -0.899142 0.0852523 -0.429273 0.0127106 0.985517 0.169097 0.437472 0.146586 -0.887204 1.54735 6.85769 1.28067  
PAIR     6 S    43 W   P   g a  C4   C4  RT -0.918931 0.3922 -0.0417765 -0.353969 -0.773327 0.525996 0.173989 0.498142 0.84946 2.23026 5.49609 -0.901094  
PAIR     8 W    45 H   P   u a  C2   C4  RT 0.302381 0.944871 0.12564 -0.952191 0.293403 0.0851343 0.0435778 -0.145376 0.988416 5.64738 -0.688915 -0.618096  
PAIR    11 W    48 H   P   u a  C2   C4  RT 0.34829 0.873916 0.339064 -0.91398 0.396926 -0.0842031 -0.20817 -0.28057 0.936988 5.48338 -0.522903 -1.24753  
PAIR     9 W    46 H   P   u a  C2   C4  RT 0.330179 0.934572 0.132507 -0.943386 0.331441 0.0130602 -0.0317125 -0.129317 0.991096 5.57356 -0.761462 -0.700199  
PAIR     7 W    44 H   P   u a  C2   C4  RT 0.175427 0.983506 0.0440539 -0.977294 0.168569 0.128375 0.118831 -0.065574 0.990747 5.67632 -1.24785 -0.628393  
PAIR    10 W    47 H   P   u a  C2   C4  RT 0.256242 0.907307 0.333367 -0.963501 0.267398 0.0128322 -0.0774989 -0.324488 0.94271 5.45888 -1.23541 -1.87328  
PAIR    17 W    20 P   A   g a  C4   O1P RT -0.540173 -0.466837 0.700197 -0.778786 -0.0380022 -0.626138 0.318914 -0.883526 -0.343038 5.63524 2.51755 -0.609262  RT -0.540173 -0.488861 -0.685002 -0.778786 0.598845 0.186754 0.318914 0.63435 -0.704198 5.63524 2.51755 -0.609262  
PAIR    19 H    17 2   P   a g  C4   O2* RT 0.841479 0.187326 0.506776 0.502986 -0.614095 -0.608188 0.197279 0.766679 -0.61097 -0.3386 -4.91205 0.653584  
PAIR    33 S    43 2   A   c a  C2   O2* RT -0.59947 -0.799798 0.0309734 -0.789836 0.597382 0.138905 -0.129599 0.0588054 -0.989821 0.363636 3.74501 0.288426  
PAIR    42 S    34 2   P   a c  C4   O2* RT -0.580602 -0.790892 -0.193371 -0.743022 0.611799 -0.271331 0.332897 -0.0138563 -0.942861 -0.0580872 3.59092 -1.08393  
PAIR    43 W     6 2   P   a g  C4   O2* RT -0.226747 0.726621 0.648543 -0.740963 -0.560865 0.369329 0.632107 -0.396802 0.665574 4.90277 -0.217509 -1.17646  
PAIR     7 W    12 W   A   g c  C4   C2  RT -0.983151 0.0822848 -0.163229 0.0755791 0.996037 0.0468859 0.16644 0.0337592 -0.985474 6.21867 0.251557 -0.260679  
PAIR     2 W    16 W   A   c g  C2   C4  RT -0.989954 0.115651 -0.0813344 0.134565 0.947223 -0.290967 0.0433911 -0.298988 -0.95327 6.13184 -1.07813 -0.24619  
PAIR     3 W    15 W   A   g c  C4   C2  RT -0.976303 0.153885 0.152155 0.104436 0.95084 -0.291541 -0.189539 -0.268742 -0.94438 6.27109 0.0705564 0.161758  
PAIR     6 W    13 W   A   g c  C4   C2  RT -0.98809 0.145387 -0.0504041 0.148138 0.987382 -0.0559601 0.0416322 -0.0627603 -0.99716 6.26938 0.0567433 0.23877  
PAIR     1 W    17 W   A   c g  C2   C4  RT -0.942474 0.233223 -0.239479 0.267855 0.955496 -0.123615 0.199992 -0.18065 -0.963 6.11356 -1.56424 -1.11478  
PAIR     4 W    14 W   A   g a  C4   C4  RT -0.984713 0.120351 -0.125921 0.139975 0.977006 -0.160828 0.10367 -0.175995 -0.978917 7.78004 -0.50038 -1.11754  
PAIR    10 H     9 P   P   c u  C2   O1P RT 0.859858 -0.0491093 0.508166 0.473856 0.44723 -0.758582 -0.190013 0.89307 0.407825 -1.01747 -5.62742 -0.256745  RT 0.859858 -0.454525 -0.232491 0.473856 0.54104 0.694792 -0.190013 -0.707589 0.680597 -1.01747 -5.62742 -0.256745  
PAIR    57 W    69 W   A   u a  C2   C4  RT -0.943696 0.0686214 0.32362 -0.0579341 0.928851 -0.365896 -0.325703 -0.364043 -0.872577 5.73351 -0.305628 1.25982  
PAIR    41 W    54 W   A   c g  C2   C4  RT -0.990199 -0.0682654 -0.121845 -0.0399097 0.974332 -0.22155 0.133842 -0.214515 -0.967507 5.8265 -0.859285 -0.791331  
PAIR    32 W    35 W   A   g c  C4   C2  RT -0.998007 -0.0229394 0.0587789 -0.00703777 0.966228 0.257591 -0.0627029 0.256664 -0.964465 5.5787 0.195389 1.19208  
PAIR    58 W    68 W   A   g c  C4   C2  RT -0.995001 0.0220716 0.0973907 0.00336267 0.982121 -0.188222 -0.0998038 -0.186954 -0.977286 6.29538 0.813598 -0.288241  
PAIR    31 W    36 W   A   a u  C4   C2  RT -0.996434 0.0135701 0.0832794 0.00547668 0.995303 -0.0966532 -0.0841999 -0.0958524 -0.991828 5.93917 0.111969 0.620519  
PAIR     4 W    76 W   A   c g  C2   C4  RT -0.99348 0.0590247 -0.0975353 0.0643825 0.996531 -0.0527269 0.0940848 -0.0586627 -0.993834 6.01449 -0.964603 -0.641995  
PAIR     3 W    77 W   A   c g  C2   C4  RT -0.940785 -0.00779538 -0.338914 0.0907421 0.957464 -0.273912 0.326634 -0.288446 -0.900061 5.69295 -1.30045 -1.93866  
PAIR    13 W    26 W   A   c g  C2   C4  RT -0.969516 0.0450063 0.24086 0.0605171 0.996516 0.0573894 -0.237438 0.0702161 -0.968862 6.05321 -1.23659 0.344256  
PAIR     9 W    71 W   A   g c  C4   C2  RT -0.980443 -0.0488526 0.190642 -0.112748 0.933402 -0.34066 -0.161303 -0.355492 -0.920656 5.87468 -0.0420685 0.57846  
PAIR    16 W    23 W   A   a u  C4   C2  RT -0.997611 0.00685501 0.0687426 0.0179082 0.986711 0.161494 -0.0667221 0.162339 -0.984477 5.73678 1.4324 0.685004  
PAIR    59 W    67 W   A   g c  C4   C2  RT -0.944591 0.129515 0.30162 0.0969698 0.98796 -0.120545 -0.313601 -0.0846172 -0.945777 5.92162 -0.215901 0.288923  
PAIR    12 W    27 W   A   c g  C2   C4  RT -0.986835 -0.127463 0.0995448 -0.0925633 0.949866 0.29864 -0.13262 0.285494 -0.94916 6.21747 0.822725 -0.105925  
PAIR     7 W    73 W   A   a u  C4   C2  RT -0.990671 0.134796 -0.0200134 0.133079 0.925337 -0.355023 -0.0293366 -0.354374 -0.934643 6.13305 -0.215344 -0.567469  
PAIR    17 W    22 W   A   g c  C4   C2  RT -0.981357 -0.0710809 0.178567 -0.00170543 0.93228 0.361733 -0.192187 0.354685 -0.915021 6.51237 0.396806 0.610333  
PAIR    20 W    62 W   A   g c  C4   C2  RT -0.963546 0.17278 0.20427 0.168406 0.984956 -0.0387434 -0.207891 -0.00293078 -0.978148 6.15 0.0894484 0.816655  
PAIR    30 W    37 W   A   c g  C2   C4  RT -0.98597 -0.0704994 0.151307 -0.0605621 0.995755 0.0693144 -0.155552 0.0591784 -0.986054 6.56397 -0.920413 -0.204289  
PAIR    43 W    52 W   A   g c  C4   C2  RT -0.914908 -0.219649 0.338671 -0.290087 0.941189 -0.173242 -0.280701 -0.256744 -0.924818 6.70259 0.621077 -0.282437  
PAIR    28 W    39 W   A   u a  C2   C4  RT -0.901643 0.0861952 -0.423805 0.132301 0.987932 -0.0805397 0.411748 -0.128688 -0.902166 5.18013 0.360914 -2.34186  
PAIR     1 W    79 W   A   g c  C4   C2  RT -0.991338 0.110557 -0.0709017 0.118771 0.98507 -0.124618 0.0560657 -0.13196 -0.989668 6.61234 -0.484958 -0.146774  
PAIR    33 W    34 W   A   g c  C4   C2  RT -0.965568 0.031282 0.258262 0.0236663 0.99919 -0.0325455 -0.259071 -0.0253128 -0.965526 6.11612 1.6719 -0.484965  
PAIR    45 W    50 W   A   c g  C2   C4  RT -0.981621 -0.0599975 -0.181165 -0.0953671 0.976485 0.193347 0.165305 0.207071 -0.964259 6.79425 -0.096113 -0.927205  
PAIR    56 W    70 W   A   g c  C4   C2  RT -0.97921 0.115555 0.166719 0.0825108 0.977714 -0.193047 -0.185311 -0.175278 -0.966922 6.29995 -0.980715 0.102129  
PAIR    44 W    51 W   A   u a  C2   C4  RT -0.992854 -0.0782324 -0.0901097 -0.0732645 0.995672 -0.0571837 0.0941933 -0.0501732 -0.994289 6.50507 -1.15826 -0.553334  
PAIR     5 W    75 W   A   g c  C4   C2  RT -0.964151 0.109491 -0.241713 0.145065 0.980222 -0.134616 0.222193 -0.164854 -0.960965 6.82201 0.269082 -0.964723  
PAIR    42 W    53 W   A   u a  C2   C4  RT -0.990029 -0.135091 -0.03992 -0.123444 0.968534 -0.21611 0.0678584 -0.209027 -0.975553 6.65978 0.303548 -1.12913  
PAIR    15 W    24 W   A   c g  C2   C4  RT -0.906928 0.283748 0.311398 0.273217 0.958791 -0.077927 -0.320677 0.0144051 -0.947079 5.74666 0.208217 1.02599  
PAIR     2 W    78 W   A   c g  C2   C4  RT -0.993405 0.0710394 -0.0899974 0.0788395 0.993144 -0.0863048 0.0832494 -0.092831 -0.992196 7.33835 -0.477554 0.258702  
PAIR    60 W    64 H   A   u a  C2   C4  RT 0.157526 0.952616 0.260208 0.987254 -0.157979 -0.0193102 0.0227122 0.259933 -0.96536 5.48272 -1.74788 1.16004  
PAIR    14 W    25 W   A   u g  C2   C4  RT -0.99327 0.0488617 0.105014 0.0720046 0.970662 0.229415 -0.0907235 0.235432 -0.967647 5.77922 1.75287 -0.222134  
PAIR    29 W    38 W   A   g u  C4   C2  RT -0.97975 -0.163137 0.116087 -0.163573 0.986514 0.00582716 -0.115472 -0.0132794 -0.993222 6.8349 0.984679 -0.0140994  
PAIR     6 W    74 W   A   g u  C4   C2  RT -0.981952 0.154913 -0.108502 0.149337 0.987095 0.0578091 0.116057 0.0405624 -0.992414 6.65689 -2.57017 0.616527  
PAIR     8 W    72 W   A   u u  C2   C2  RT -0.978294 0.171851 0.115796 0.0633534 0.780079 -0.622466 -0.197301 -0.601618 -0.774033 4.39442 1.81992 -0.629056  
PAIR    40 W    55 W   A   g a  C4   C4  RT -0.998327 0.0402813 0.0414802 0.0512214 0.948944 0.311257 -0.0268246 0.312861 -0.94942 8.14102 -0.334154 1.01778  
PAIR    18 W    65 W   P   u u  C2   C2  RT -0.91517 -0.203871 0.347706 0.0383908 -0.902818 -0.428306 0.401235 -0.378624 0.834059 4.12199 -0.915721 -1.30478  
PAIR    46 S    49 H   A   u c  C2   C2  RT -0.606503 0.330155 -0.723292 0.355963 0.926198 0.124287 0.710946 -0.182085 -0.679265 1.29977 7.60707 -0.49622  
PAIR    19 W    61 S   P   g u  C4   C2  RT -0.163874 -0.911291 -0.377748 0.984244 -0.125267 -0.124785 0.0663957 -0.392246 0.917461 7.15526 -0.426744 0.301966  
PAIR    13 H    12 2   P   c c  C2   O2* RT 0.143442 -0.853011 -0.501793 0.989659 0.123525 0.0729185 -0.000216319 -0.507063 0.861909 -4.44056 -1.55073 1.00122  
PAIR    23 H    22 2   A   u c  C2   O2* RT 0.326316 -0.885429 -0.330958 0.936494 0.255252 0.24047 -0.128441 -0.38841 0.912491 -4.4306 -1.75675 0.751673  
PAIR    46 S    48 P   A   u g  C2   O1P RT -0.510232 -0.857681 -0.0636165 0.139388 -0.00947592 -0.990193 0.848666 -0.514095 0.124385 -0.918968 -0.0875271 -2.72525  RT -0.510232 0.36773 -0.777456 0.139388 0.927386 0.347168 0.848666 0.0687686 -0.524439 -0.918968 -0.0875271 -2.72525  
PAIR    48 H    46 2   P   g u  C4   O2* RT 0.72649 0.392637 0.563957 0.566511 -0.806721 -0.168127 0.388943 0.441631 -0.808508 -0.318919 -4.45634 -0.336493  
PAIR    50 H    49 P   P   g c  C4   O1P RT 0.856191 0.394288 0.333876 0.420074 -0.155036 -0.894148 -0.300789 0.905815 -0.298371 -0.337914 -4.03468 2.27856  RT 0.856191 -0.45319 0.248103 0.420074 0.890185 0.176375 -0.300789 -0.0467895 0.952542 -0.337914 -4.03468 2.27856  
PAIR    63 H    61 2   P   a u  C4   O2* RT 0.887404 0.14851 0.436415 0.266449 -0.937774 -0.222676 0.376189 0.313886 -0.871755 -0.108239 -4.79754 -0.955776  
PAIR    68 S    67 2   A   c c  C2   O2* RT 0.0328223 -0.922347 -0.384967 0.994553 -0.0079846 0.103926 -0.0989297 -0.386281 0.91706 -4.389 -1.04561 1.674  
PAIR    80 W    79 P   P   g c  C4   O1P RT -0.0734287 0.790543 0.607989 -0.967389 -0.204647 0.149259 0.242418 -0.577202 0.779789 5.74256 1.38659 -0.874796  RT -0.0734287 -0.839208 0.53883 -0.967389 -0.071395 -0.243025 0.242418 -0.539104 -0.806598 5.74256 1.38659 -0.874796  
PAIR     7 W    40 W   A   a u  C4   C2  RT -0.993783 0.103404 0.0412607 0.0979172 0.988166 -0.118068 -0.0529811 -0.113294 -0.992148 5.72663 0.0954043 0.0219163  
PAIR    20 W    27 W   A   u a  C2   C4  RT -0.993607 0.0302077 -0.108776 0.0402776 0.994981 -0.0916019 0.105463 -0.0953975 -0.989837 6.07604 -0.281781 -0.614019  
PAIR     6 W    41 W   A   a u  C4   C2  RT -0.986641 0.109308 0.120792 0.111242 0.993749 0.00936724 -0.119013 0.0226792 -0.992634 5.93066 0.333377 0.50209  
PAIR    11 W    36 W   A   c g  C2   C4  RT -0.986014 0.122829 0.112649 0.115004 0.990639 -0.0735368 -0.120627 -0.0595532 -0.99091 5.96167 -0.898379 0.183267  
PAIR     9 W    38 W   A   c g  C2   C4  RT -0.990668 0.134662 -0.0210291 0.135559 0.957525 -0.2545 -0.0141356 -0.254976 -0.966844 5.85497 -0.760321 -0.434793  
PAIR     4 W    43 W   A   a u  C4   C2  RT -0.983084 0.12333 0.13541 0.122908 0.992351 -0.0115066 -0.135794 0.00533097 -0.990723 6.24245 0.0113468 0.470458  
PAIR    18 W    29 W   A   a u  C4   C2  RT -0.987106 0.12683 0.0976497 0.104949 0.973446 -0.203441 -0.120859 -0.190569 -0.974206 5.79639 0.58903 -0.324686  
PAIR     5 W    42 W   A   c g  C2   C4  RT -0.989767 0.130988 0.0565993 0.12388 0.98564 -0.11475 -0.0708174 -0.106564 -0.991781 6.17842 -0.93602 0.336142  
PAIR     8 W    39 W   A   g c  C4   C2  RT -0.99497 0.0870404 -0.049578 0.0951295 0.976077 -0.195508 0.0313749 -0.199241 -0.979448 5.91183 -0.214407 -0.257374  
PAIR    17 W    30 W   A   c g  C2   C4  RT -0.995423 0.0506605 -0.0810329 0.0701246 0.963275 -0.259199 0.0649258 -0.263696 -0.962418 5.76238 -1.44913 -0.263719  
PAIR    15 W    32 W   A   g c  C4   C2  RT -0.987188 0.151344 0.0505398 0.139664 0.972771 -0.184961 -0.0771563 -0.175533 -0.981445 6.18203 -0.20486 0.095645  
PAIR    10 W    37 W   A   g c  C4   C2  RT -0.973454 0.192121 0.124408 0.165243 0.966007 -0.19881 -0.158374 -0.172975 -0.97211 5.92529 -0.0755566 0.312502  
PAIR    14 W    33 W   A   g c  C4   C2  RT -0.988199 0.139191 -0.0639469 0.143156 0.987739 -0.0622775 0.0544944 -0.070697 -0.996008 6.19576 0.303476 -0.0400188  
PAIR     3 W    44 W   A   g c  C4   C2  RT -0.987564 0.134141 0.0819956 0.114752 0.971526 -0.207288 -0.107467 -0.195301 -0.974838 5.99431 -0.326601 -0.0432938  
PAIR    12 W    35 W   A   a u  C4   C2  RT -0.988996 0.146436 -0.0210456 0.146382 0.98922 0.00411341 0.021421 0.000987468 -0.99977 5.99771 0.595937 0.211494  
PAIR     2 W    45 W   A   g c  C4   C2  RT -0.991703 0.119763 0.0467148 0.114064 0.987377 -0.109891 -0.0592859 -0.10365 -0.992845 6.08392 -0.37418 -0.0501819  
PAIR    13 W    34 W   A   a u  C4   C2  RT -0.985001 0.171724 -0.0168772 0.171604 0.985131 0.00831358 0.0180539 0.00529269 -0.999823 6.04203 0.261962 0.192137  
PAIR     1 W    46 W   A   g c  C4   C2  RT -0.993922 0.0975295 0.0510652 0.0878904 0.9823 -0.165416 -0.0662944 -0.159923 -0.984901 5.66731 -0.518087 0.066414  
PAIR    21 W    26 W   A   c g  C2   C4  RT -0.99329 0.115645 -0.000671371 0.115429 0.991753 0.0556921 0.00710637 0.055241 -0.998448 5.69141 0.654193 0.19383  
PAIR    16 W    31 W   A   u g  C2   C4  RT -0.99084 0.133075 0.0229661 0.128248 0.980545 -0.148608 -0.0422952 -0.144301 -0.98863 5.73326 0.433326 0.0874814  
PAIR    19 W    28 W   A   u g  C2   C4  RT -0.988747 0.0684656 -0.133007 0.091266 0.980559 -0.173708 0.118529 -0.183893 -0.975774 5.65025 2.02554 -0.838035  
PAIR    22 S    25 H   A   g a  C4   C4  RT -0.872688 -0.479661 -0.0913307 -0.446722 0.859835 -0.24723 0.197116 -0.174956 -0.964643 0.618997 6.99477 -0.806776  
PAIR    23 H    22 2   A   c g  C2   O2* RT 0.761992 0.0899777 0.641305 0.587576 0.320274 -0.743087 -0.272255 0.943042 0.191178 -3.29739 -3.94642 -1.68797  
PAIR    25 H    24 2   A   a a  C4   O2* RT -0.503854 -0.472446 0.723137 0.26803 0.710334 0.650834 -0.821153 0.521747 -0.231275 -3.18183 -2.13353 2.1252  
PAIR    25 W    22 2   A   a g  C4   O2* RT -0.297998 0.829175 0.472933 0.908922 0.397847 -0.124811 -0.291645 0.392666 -0.872213 4.49081 -1.63669 1.7306  
PAIR     6 W    55 W   A   a u  C4   C2  RT -0.967255 -0.0814705 -0.240377 -0.0898592 0.995662 0.024127 0.237368 0.044937 -0.97038 5.93023 1.21079 0.303747  
PAIR    17 W    42 W   A   g c  C4   C2  RT -0.991573 0.0253894 0.12704 0.0175869 0.997911 -0.0621668 -0.128353 -0.0594086 -0.989948 6.04618 0.354957 -0.357966  
PAIR    19 W    40 W   A   a u  C4   C2  RT -0.975004 0.0516683 0.216098 0.0591274 0.997852 0.0281914 -0.214177 0.040264 -0.975965 6.09728 0.573906 0.30498  
PAIR     4 W    57 W   A   c g  C2   C4  RT -0.998081 0.0266101 -0.0559074 0.0431499 0.946492 -0.319831 0.0444051 -0.321629 -0.945824 6.12349 -0.502074 -0.120475  
PAIR    25 W    32 W   A   g c  C4   C2  RT -0.990798 0.07351 0.113648 0.0522616 0.982321 -0.179763 -0.124853 -0.172169 -0.977123 6.25382 0.271288 0.182499  
PAIR     8 W    51 W   A   c g  C2   C4  RT -0.977627 0.0371493 -0.207041 0.100158 0.94775 -0.302883 0.184971 -0.316843 -0.930267 6.26325 -0.717513 -0.608184  
PAIR    18 W    41 W   A   g c  C4   C2  RT -0.968698 0.0660158 0.239301 0.0600702 0.997679 -0.0320625 -0.240863 -0.016684 -0.970416 6.10343 0.160334 -0.131961  
PAIR    22 W    35 W   A   g c  C4   C2  RT -0.978228 0.15913 0.133221 0.143677 0.982496 -0.118572 -0.149758 -0.0968492 -0.983968 6.21183 0.052844 0.230505  
PAIR    26 W    31 W   A   g c  C4   C2  RT -0.985727 0.122477 0.115506 0.110224 0.988119 -0.107103 -0.127251 -0.0928426 -0.987516 6.26436 0.636715 0.0887883  
PAIR     9 W    50 W   A   c g  C2   C4  RT -0.987183 0.155642 -0.0353006 0.159269 0.974883 -0.155677 0.0101841 -0.159304 -0.987177 6.02506 -1.05978 -0.308147  
PAIR     5 W    56 W   A   u a  C2   C4  RT -0.974399 0.200495 0.101725 0.148916 0.91454 -0.376086 -0.168435 -0.351309 -0.920984 6.00112 -1.19199 0.495928  
PAIR    21 W    36 W   A   g c  C4   C2  RT -0.980352 0.19645 -0.0177847 0.196922 0.979944 -0.0305182 0.0114327 -0.0334208 -0.999376 6.02871 0.238473 -0.0222695  
PAIR    23 W    34 W   A   c g  C2   C4  RT -0.993821 0.0241646 0.108328 0.0125706 0.994238 -0.106458 -0.110276 -0.104439 -0.988399 6.10385 0.359412 0.612072  
PAIR     3 W    58 W   A   a u  C4   C2  RT -0.959969 0.265001 -0.0907417 0.279827 0.921752 -0.268459 0.0124993 -0.283105 -0.959008 6.30838 -0.674856 0.269498  
PAIR     2 W    59 W   A   c g  C2   C4  RT -0.94968 0.16851 -0.26403 0.225553 0.952808 -0.203181 0.217332 -0.25251 -0.942871 6.04317 -1.97975 -0.678784  
PAIR     7 W    52 W   A   a u  C4   C2  RT -0.938959 0.299484 -0.169309 0.329038 0.925457 -0.187785 0.100449 -0.232031 -0.967508 6.64347 -0.434755 -0.795033  
PAIR     1 W    60 W   A   g u  C4   C2  RT -0.982136 0.158836 -0.100899 0.178229 0.957207 -0.22801 0.0603653 -0.24192 -0.968417 5.75892 -1.6844 0.132819  
PAIR    20 W    37 W   A   g u  C4   C2  RT -0.973539 0.220489 -0.0600465 0.226246 0.966956 -0.117508 0.0321532 -0.127984 -0.991255 5.65484 -2.34303 0.0567792  
PAIR    10 W    49 W   A   u g  C2   C4  RT -0.950895 0.309252 -0.0127382 0.308676 0.944486 -0.112543 -0.0227732 -0.110949 -0.993565 6.35548 0.804807 -0.431351  
PAIR    20 S    39 H   A   g a  C4   C4  RT -0.999903 -0.0134907 -0.00346764 -0.0139282 0.965329 0.260666 -0.000169156 0.260689 -0.965423 1.7907 6.71582 1.09417  
PAIR    27 S    30 H   A   g a  C4   C4  RT -0.962044 0.172168 -0.211728 0.140994 0.977877 0.154523 0.233648 0.118805 -0.965036 2.16064 6.86162 1.06022  
PAIR    16 H    46 S   A   a g  C4   C4  RT -0.908004 -0.192489 0.372124 0.00736861 0.880732 0.473557 -0.418897 0.432734 -0.79829 1.89987 -6.53489 0.0633009  
PAIR    24 W    33 W   A   c u  C2   C2  RT -0.759573 0.639928 -0.116368 0.650242 0.742895 -0.159038 -0.0153237 -0.196468 -0.980391 6.36721 -1.16738 -0.611333  
PAIR    15 W    48 W   A   c c  C2   C2  RT -0.96869 -0.247155 -0.0235397 -0.248218 0.962092 0.112993 -0.00527952 0.115298 -0.993317 3.51906 2.7689 0.14123  
PAIR    11 W    47 H   A   a a  C4   C4  RT 0.287632 0.953405 0.0910256 0.94759 -0.297097 0.117505 0.139073 0.0524567 -0.988892 7.43849 -3.25727 0.0478036  
PAIR     8 S    54 W   A   c a  C2   C4  RT -0.239367 -0.797245 0.55417 -0.5568 0.580298 0.59433 -0.79541 -0.166299 -0.58281 -0.986874 6.06118 3.05639  
PAIR    16 W    43 S   P   a a  C4   C4  RT -0.599259 -0.791423 -0.120575 0.470586 -0.470086 0.746704 -0.64764 0.390728 0.654136 5.87521 2.54541 -1.7566  
PAIR    52 S    53 H   P   u a  C2   C4  RT 0.714398 0.19434 -0.67221 -0.00506649 0.96207 0.272755 0.699721 -0.19145 0.688286 0.466491 6.56421 1.91217  
PAIR    13 H     9 2   P   g c  C4   O2* RT 0.378346 0.0627279 0.923536 0.453168 -0.882517 -0.125708 0.807151 0.466078 -0.362323 -0.742167 -4.7793 -0.0992895  
PAIR    16 W    43 2   P   a a  C4   O2* RT -0.692194 0.705118 0.153872 -0.551547 -0.654333 0.517343 0.465472 0.273234 0.841831 5.11575 -1.22372 0.164573  
PAIR    27 W    30 P   A   g a  C4   O1P RT -0.612839 -0.523487 0.591938 -0.679729 -0.0327924 -0.73273 0.402986 -0.851402 -0.335733 5.95427 2.09431 0.0894047  RT -0.612839 -0.377087 -0.694431 -0.679729 0.699722 0.219904 0.402986 0.60679 -0.685134 5.95427 2.09431 0.0894047  
PAIR    29 H    27 2   P   a g  C4   O2* RT 0.867322 0.125832 0.481579 0.419457 -0.705654 -0.57106 0.26797 0.697294 -0.66481 -0.00966627 -4.92555 -0.105817  
PAIR    39 W    20 2   P   a g  C4   O2* RT 0.224273 0.90099 0.371375 0.962212 -0.26512 0.0621271 0.154435 0.343408 -0.926402 4.45772 -3.96143 1.35689  
PAIR    47 W    17 2   A   a g  C4   O2* RT 0.0265439 0.999633 -0.00535476 -0.639896 0.0128757 -0.768354 -0.768003 0.0238216 0.640003 5.28902 0.0109435 0.792139  
PAIR    48 H    47 P   P   c a  C2   O1P RT 0.86835 0.371527 0.328537 0.406206 -0.152722 -0.900929 -0.284545 0.915775 -0.283532 -1.13616 -5.52288 -0.172159  RT 0.86835 -0.433616 0.240721 0.406206 0.900294 0.156419 -0.284545 -0.0380438 0.957908 -1.13616 -5.52288 -0.172159  
PAIR    49 S    14 2   P   g a  C4   O2* RT -0.835737 0.483223 -0.260843 -0.273387 0.0458208 0.960812 0.476239 0.874297 0.0938127 2.74064 4.59655 0.580587  
PAIR    50 S    13 2   A   g g  C4   O2* RT -0.513581 -0.851806 0.103256 -0.639736 0.460328 0.615496 -0.571815 0.250051 -0.781347 1.8857 4.39019 -0.23183  
PAIR    54 W     8 2   P   a c  C4   O2* RT -0.573522 0.605709 -0.551534 0.637755 0.752697 0.163452 0.514142 -0.258 -0.817982 5.26719 0.0827293 0.268787  
PAIR    11 W    14 W   A   c g  C2   C4  RT -0.991185 0.00835891 -0.132219 0.0674795 0.890702 -0.449552 0.11401 -0.454511 -0.883414 5.92242 -0.726286 -0.938572  
PAIR     1 W    24 W   A   c g  C2   C4  RT -0.994075 0.0534843 -0.0946258 0.0795206 0.951352 -0.297668 0.0741018 -0.303429 -0.949968 5.94786 -0.631936 -0.412567  
PAIR     2 W    23 W   A   g c  C4   C2  RT -0.992344 0.0929778 0.0812897 0.0545955 0.920651 -0.38655 -0.11078 -0.379153 -0.918679 6.09163 0.352419 -0.344267  
PAIR     6 W    19 W   A   a u  C4   C2  RT -0.997459 0.0644099 -0.0304371 0.0707966 0.848668 -0.524167 -0.00793057 -0.52499 -0.851071 5.64899 0.36128 -0.951722  
PAIR     3 W    22 W   A   c g  C2   C4  RT -0.980213 0.171781 0.0983499 0.141196 0.955009 -0.260808 -0.138727 -0.241761 -0.960368 5.99076 -1.01013 0.665529  
PAIR    10 W    15 W   A   g c  C4   C2  RT -0.985537 0.146582 -0.0850284 0.159907 0.970522 -0.180327 0.0560893 -0.191315 -0.979925 6.23738 -0.0376428 -0.133774  
PAIR     7 W    18 W   A   u a  C2   C4  RT -0.991224 0.129799 0.0250296 0.102172 0.87242 -0.477959 -0.0838746 -0.471207 -0.878026 5.6857 -1.35837 -0.183562  
PAIR    12 W    13 W   A   g c  C4   C2  RT -0.975698 0.209859 0.0630315 0.186765 0.946918 -0.261657 -0.114597 -0.243526 -0.9631 6.19789 0.157259 0.0828119  
PAIR     5 W    20 W   A   a u  C4   C2  RT -0.967912 0.203587 -0.147306 0.236882 0.934851 -0.264462 0.0838683 -0.29087 -0.95308 6.11211 0.295646 -0.360119  
PAIR     8 W    17 W   A   u a  C2   C4  RT -0.953792 0.30043 0.0046957 0.279955 0.894246 -0.349212 -0.109113 -0.331762 -0.937032 6.05944 -1.57981 0.243321  
PAIR     9 W    16 W   A   a g  C4   C4  RT -0.938793 0.344399 0.00747781 0.337604 0.924151 -0.178797 -0.0684881 -0.165329 -0.983858 7.89106 -2.03935 -0.20859  
PAIR     4 W    21 W   A   g a  C4   C4  RT -0.994818 0.0745284 -0.0691602 0.0859309 0.979886 -0.180107 0.054346 -0.185117 -0.981213 7.73078 -0.725735 -0.579578  
PAIR     1 W     2 H   P   u u  C2   C2  RT 0.859373 0.440637 0.259456 -0.463029 0.885863 0.0291769 -0.216986 -0.14521 0.965314 3.65033 0.67394 -2.80638  
PAIR     5 W    39 W   A   u a  C2   C4  RT -0.997809 -0.0304048 -0.0587539 -0.0134978 0.963012 -0.269122 0.0647632 -0.267739 -0.961312 5.94809 -0.580038 -0.144387  
PAIR    17 W    27 W   A   a u  C4   C2  RT -0.998339 -0.0213819 0.0534916 -0.0352796 0.960995 -0.274308 -0.0455399 -0.275739 -0.960153 5.8868 0.561182 -0.171441  
PAIR    10 W    35 W   A   u a  C2   C4  RT -0.994684 0.0392401 0.0952022 0.0306906 0.995499 -0.089662 -0.0982921 -0.0862635 -0.991412 5.93833 -0.932141 0.240385  
PAIR    12 W    33 W   A   c g  C2   C4  RT -0.993774 0.0120614 -0.110763 0.040802 0.964461 -0.261054 0.103678 -0.263948 -0.958948 6.06691 -0.690966 -0.785577  
PAIR    21 W    24 W   A   a u  C4   C2  RT -0.997403 0.0585735 -0.0418997 0.0665563 0.971938 -0.225627 0.0275082 -0.22783 -0.973312 5.98345 0.56087 -0.0463156  
PAIR     6 W    38 W   A   g c  C4   C2  RT -0.983679 0.0798494 0.161244 0.00962028 0.918196 -0.39601 -0.179675 -0.387995 -0.903978 6.15296 0.154995 -0.203952  
PAIR     4 W    40 W   A   c g  C2   C4  RT -0.998104 0.0615113 0.00205491 0.0596634 0.975235 -0.212971 -0.0151041 -0.212444 -0.977056 6.17564 -0.691848 -0.106292  
PAIR    16 W    28 W   A   c g  C2   C4  RT -0.979108 0.0285564 -0.201327 0.0955762 0.938535 -0.331689 0.179481 -0.344002 -0.921656 5.91767 -0.74588 -1.20673  
PAIR    18 W    26 W   A   g c  C4   C2  RT -0.995605 0.0923876 0.015309 0.0865863 0.970427 -0.225331 -0.035674 -0.223015 -0.974162 6.15378 0.20639 -0.26046  
PAIR    19 W    25 W   A   c g  C2   C4  RT -0.994935 0.0882512 -0.0481236 0.097288 0.965839 -0.240189 0.0252827 -0.243654 -0.969533 6.11401 -0.7677 -0.47003  
PAIR     3 W    41 W   A   g c  C4   C2  RT -0.991893 0.125272 0.0213489 0.117374 0.967515 -0.223916 -0.0487058 -0.219594 -0.974375 6.0302 0.0454076 -0.230699  
PAIR     2 W    43 W   A   u a  C2   C4  RT -0.993512 0.113156 0.0113835 0.104651 0.948816 -0.297988 -0.04452 -0.294864 -0.954502 6.00263 -1.35989 0.099314  
PAIR    22 W    23 W   A   g c  C4   C2  RT -0.984684 0.136544 0.108415 0.0859267 0.92112 -0.379678 -0.151706 -0.364547 -0.918744 6.14249 0.208868 -0.202495  
PAIR     9 W    36 W   A   g c  C4   C2  RT -0.985193 0.132714 0.108547 0.131077 0.991126 -0.022109 -0.110518 -0.00755365 -0.993845 6.20452 0.0114725 -0.0117883  
PAIR    11 W    34 W   A   g c  C4   C2  RT -0.990686 0.116428 -0.0706107 0.117886 0.992885 -0.0168217 0.0681497 -0.024989 -0.997362 6.18832 0.271864 -0.260997  
PAIR     1 W    44 W   A   c g  C2   C4  RT -0.966686 0.111194 -0.230554 0.191713 0.911333 -0.364306 0.169603 -0.39637 -0.902289 5.92969 -1.33195 -0.85039  
PAIR    14 W    31 W   A   c g  C2   C4  RT -0.986719 0.156219 -0.0445189 0.15446 0.987166 0.0405611 0.050284 0.033146 -0.998185 6.24827 -0.845604 -0.297198  
PAIR    13 W    32 W   A   a u  C4   C2  RT -0.989399 0.143868 0.0197905 0.141238 0.984979 -0.0993344 -0.0337843 -0.0954862 -0.994857 6.28755 0.448861 -0.235931  
PAIR     1 W     4 W   A   c g  C2   C4  RT -0.980845 0.1385 0.136969 0.137968 0.990346 -0.0134104 -0.137504 0.00574388 -0.990485 6.07127 -0.785703 0.893855  
PAIR     2 W     3 W   A   a u  C4   C2  RT -0.983922 0.0790663 -0.160146 0.0673685 0.994736 0.0772097 0.165408 0.0651795 -0.984069 6.19239 0.789425 -0.114044  
PAIR     4 W    11 W   A   g c  C4   C2  RT -0.980889 0.0106244 0.194277 -0.0553212 0.942067 -0.330831 -0.186537 -0.335256 -0.923476 6.17908 0.832367 -0.168243  
PAIR     3 W    12 W   A   g c  C4   C2  RT -0.991235 -0.129868 0.0242465 -0.119214 0.800169 -0.587808 0.0569364 -0.585546 -0.808637 5.56751 -0.566552 -1.31601  
PAIR     6 W     9 W   A   c g  C2   C4  RT -0.966653 0.130002 -0.220637 0.176725 0.962174 -0.20734 0.185336 -0.239418 -0.953063 6.13419 -1.04815 -1.25501  
PAIR     5 W    10 W   A   g c  C4   C2  RT -0.9874 0.149963 0.0505172 0.12872 0.946843 -0.294822 -0.0920443 -0.284605 -0.954216 5.94219 -0.502842 -0.189821  
PAIR     7 W     8 W   A   c g  C2   C4  RT -0.974603 0.186329 -0.124222 0.188874 0.981961 -0.00892639 0.120318 -0.0321621 -0.992214 6.09428 -1.01176 -0.824067  
PAIR     4 W    46 W   A   u a  C2   C4  RT -0.999071 0.0091982 0.0421038 -0.00576013 0.939693 -0.341971 -0.0427102 -0.341895 -0.938767 5.95863 -0.612946 0.0401738  
PAIR    23 W    30 W   A   c g  C2   C4  RT -0.970588 0.0698387 -0.230396 0.105316 0.983742 -0.145466 0.216491 -0.165452 -0.962163 5.88758 -0.795982 -1.22115  
PAIR    24 W    29 W   A   c g  C2   C4  RT -0.996741 0.0794087 -0.0142032 0.078742 0.995986 0.0425648 0.0175262 0.0413076 -0.998993 6.15318 -0.72429 -0.393555  
PAIR     2 W    48 W   A   g c  C4   C2  RT -0.992253 0.0958093 0.0790857 0.0696111 0.956046 -0.284834 -0.102899 -0.277122 -0.955309 6.18856 0.0567226 -0.146038  
PAIR    16 W    37 W   A   g c  C4   C2  RT -0.95493 0.132035 0.265849 0.0753863 0.974135 -0.213021 -0.287099 -0.183379 -0.940184 6.13794 0.0621117 0.459363  
PAIR    15 W    38 W   A   g c  C4   C2  RT -0.984426 0.0827 0.155133 0.0695252 0.993645 -0.0885176 -0.161468 -0.0763534 -0.98392 6.17387 0.0544981 0.0204795  
PAIR     3 W    47 W   A   c g  C2   C4  RT -0.99299 0.117957 0.00754051 0.113627 0.970211 -0.213963 -0.0325544 -0.211607 -0.976813 6.14322 -0.843178 -0.127492  
PAIR     5 W    45 W   A   c g  C2   C4  RT -0.992461 0.121263 0.0178091 0.113907 0.966215 -0.231201 -0.0452435 -0.227429 -0.972743 6.11721 -0.847999 0.0105455  
PAIR     6 W    44 W   A   u a  C2   C4  RT -0.99126 0.131343 0.012378 0.126092 0.97084 -0.203887 -0.0387962 -0.200544 -0.978916 6.07838 -1.11833 0.17353  
PAIR    10 W    40 W   A   u a  C2   C4  RT -0.992237 0.123407 -0.0153838 0.124349 0.982676 -0.137422 -0.00184156 -0.138268 -0.990393 6.09269 -1.11362 -0.110354  
PAIR     7 W    43 W   A   g c  C4   C2  RT -0.987142 0.126055 -0.0982915 0.144506 0.966604 -0.211647 0.0683298 -0.22313 -0.972391 6.24028 0.0906048 -0.286189  
PAIR    22 W    31 W   A   u a  C2   C4  RT -0.947834 0.155568 -0.278227 0.182903 0.980267 -0.0749871 0.261071 -0.121964 -0.957584 6.01408 -1.25802 -1.13674  
PAIR     8 W    42 W   A   u g  C2   C4  RT -0.991655 0.025566 -0.126359 0.0674566 0.938156 -0.339578 0.109863 -0.345268 -0.932051 5.84641 1.45883 -0.627341  
PAIR     9 W    41 W   A   u g  C2   C4  RT -0.992929 0.10257 0.0597644 0.0700764 0.912803 -0.402343 -0.0958216 -0.39531 -0.913536 5.82958 1.25268 -0.538114  
PAIR    17 W    36 W   A   u g  C2   C4  RT -0.969237 0.221253 0.107828 0.201994 0.96536 -0.165162 -0.140635 -0.1383 -0.980354 6.0579 1.25055 0.162154  
PAIR    25 S    28 H   A   g a  C4   C4  RT -0.96548 0.112538 -0.234911 0.121872 0.992217 -0.0255537 0.230207 -0.0533007 -0.971681 1.82705 6.6719 0.719305  
PAIR    18 W    35 H   A   c a  C2   C4  RT -0.884229 0.466663 -0.0191261 0.466601 0.880825 -0.0801988 -0.020579 -0.0798383 -0.996595 4.03807 5.21746 -0.0172467  
PAIR    19 H    34 W   A   a c  C4   C2  RT 0.114921 0.977143 -0.178841 0.953125 -0.159191 -0.257316 -0.279904 -0.140887 -0.949634 1.92135 -6.26442 0.20023  
PAIR    21 W    32 W   A   g a  C4   C4  RT -0.948214 0.229554 -0.219533 0.236932 0.971497 -0.00752215 0.211549 -0.0591471 -0.975576 7.72933 -1.1481 -1.48185  
PAIR    20 H    33 S   A   g g  C4   C4  RT -0.975146 0.214729 -0.0546073 0.218084 0.973731 -0.0654701 0.0391145 -0.0757519 -0.996359 3.76481 -7.53111 0.384061  
PAIR    18 W    34 P   A   c c  C2   O1P RT -0.897132 -0.371872 -0.238464 0.403309 -0.46919 -0.785622 0.180266 -0.800982 0.570905 3.5754 -2.82233 0.328042  RT -0.897132 0.360386 -0.255491 0.403309 0.904167 -0.140795 0.180266 -0.229354 -0.956505 3.5754 -2.82233 0.328042  
PAIR    25 W    28 P   A   g a  C4   O1P RT -0.533731 -0.594568 0.601349 -0.678925 -0.122683 -0.723885 0.504174 -0.794631 -0.338187 5.63875 2.13175 -0.752073  RT -0.533731 -0.329823 -0.778683 -0.678925 0.716103 0.162038 0.504174 0.615153 -0.606132 5.63875 2.13175 -0.752073  
PAIR    27 H    25 2   P   a g  C4   O2* RT 0.901101 0.191284 0.389137 0.411414 -0.660615 -0.627954 0.136952 0.725946 -0.673978 -0.9827 -4.96179 0.0408623  
PAIR    33 W    19 P   A   g a  C4   O1P RT -0.886578 -0.335938 -0.318002 0.447864 -0.451361 -0.77181 0.115747 -0.826692 0.550621 5.4586 0.313226 -0.255869  RT -0.886578 0.416869 -0.200499 0.447864 0.882008 -0.146558 0.115747 -0.219731 -0.96867 5.4586 0.313226 -0.255869  
PAIR     3 W    11 W   A   g c  C4   C2  RT -0.987271 0.0955898 0.12712 0.0620798 0.967446 -0.245346 -0.146434 -0.234331 -0.961065 6.31448 -0.0294265 0.248036  
PAIR     4 W    10 W   A   g c  C4   C2  RT -0.996944 0.0552648 0.0552194 0.0337876 0.942299 -0.333064 -0.0704398 -0.330181 -0.941286 6.80164 -0.0105425 -0.92528  
PAIR     1 W    13 W   A   g c  C4   C2  RT -0.965099 0.0536735 -0.256327 0.111448 0.969896 -0.216523 0.236989 -0.237533 -0.942027 6.84168 0.0999027 -1.15056  
PAIR     2 W    12 W   A   g c  C4   C2  RT -0.957303 0.277421 -0.0812887 0.271824 0.959534 0.0735278 0.0983974 0.0482922 -0.993975 6.20604 1.19542 -1.4631  
PAIR     5 W     9 W   A   g c  C4   C2  RT -0.923641 0.274491 0.267474 0.355309 0.874899 0.329101 -0.143678 0.399007 -0.905621 6.42901 -1.51858 0.201922  
PAIR    36 W    58 W   A   c g  C2   C4  RT -0.999244 0.0269495 -0.0280032 0.0322026 0.977524 -0.208352 0.0217588 -0.209096 -0.977653 6.19968 -0.659479 -0.231727  
PAIR    33 W    61 W   A   g c  C4   C2  RT -0.993818 0.0175305 -0.109624 0.0361177 0.984791 -0.169949 0.104978 -0.172858 -0.979336 6.06099 0.541804 -0.563199  
PAIR    20 W    43 W   A   g c  C4   C2  RT -0.99989 0.0115552 -0.00934822 0.0129448 0.986094 -0.165681 0.00730375 -0.165784 -0.986135 6.2093 0.723587 -0.404967  
PAIR    17 W    46 W   A   a u  C4   C2  RT -0.998579 0.0506512 0.0165866 0.0456938 0.973798 -0.222779 -0.027436 -0.221704 -0.974728 5.96102 0.712939 -0.196465  
PAIR    19 W    44 W   A   u a  C2   C4  RT -0.99722 0.0619463 0.0414221 0.0497987 0.967484 -0.24798 -0.0554366 -0.245227 -0.967879 6.10633 -0.86146 0.063247  
PAIR     4 W    69 W   A   g c  C4   C2  RT -0.995671 0.073847 0.0564369 0.0510436 0.941912 -0.331959 -0.0776728 -0.327642 -0.941604 6.19667 0.62276 0.00855465  
PAIR    22 W    41 W   A   g c  C4   C2  RT -0.987382 0.0257275 0.156255 -0.00352321 0.982901 -0.184098 -0.15832 -0.182326 -0.970408 6.09215 0.199006 0.125454  
PAIR    35 W    59 W   A   a u  C4   C2  RT -0.998231 0.0585902 -0.0100792 0.0593628 0.973104 -0.222586 -0.00323327 -0.222791 -0.974861 6.0604 0.426708 -0.335564  
PAIR    23 W    40 W   A   u a  C2   C4  RT -0.994192 0.0876219 0.0624949 0.0813192 0.991945 -0.0971163 -0.070501 -0.0914702 -0.993309 5.94068 -0.746222 0.029016  
PAIR     1 W    72 W   A   c g  C2   C4  RT -0.991874 0.0760291 -0.102004 0.0949711 0.975988 -0.19603 0.0846509 -0.204124 -0.975278 6.02747 -0.812593 -0.673629  
PAIR    31 W    65 W   A   g c  C4   C2  RT -0.993571 0.112605 0.011695 0.10455 0.952275 -0.286779 -0.0434297 -0.283712 -0.957925 6.19367 0.0513296 -0.369159  
PAIR    32 W    64 W   A   g c  C4   C2  RT -0.987443 0.114848 0.108473 0.0979549 0.983828 -0.149954 -0.123941 -0.137446 -0.982724 6.16711 0.282651 0.636808  
PAIR    34 W    60 W   A   c g  C2   C4  RT -0.989098 0.0962581 -0.111439 0.123552 0.954224 -0.272379 0.0801189 -0.283178 -0.955715 6.14772 -0.736443 -0.623636  
PAIR     3 W    70 W   A   c g  C2   C4  RT -0.987425 0.0806842 -0.135949 0.119533 0.943835 -0.308038 0.103459 -0.320415 -0.941611 6.14324 -0.994282 -0.594921  
PAIR     8 W    52 W   A   a u  C4   C2  RT -0.993967 0.107474 -0.0218995 0.109278 0.987494 -0.113637 0.00941257 -0.115345 -0.993281 6.16779 0.0489387 -0.437327  
PAIR    18 W    45 W   A   a u  C4   C2  RT -0.994575 0.099349 0.0308207 0.085403 0.949057 -0.30331 -0.0593841 -0.299032 -0.952394 6.07985 0.306071 -0.751913  
PAIR     9 W    51 W   A   c g  C2   C4  RT -0.98705 0.142858 -0.0729693 0.145623 0.988754 -0.0340616 0.0672827 -0.0442465 -0.996752 6.06034 -0.697189 -0.636116  
PAIR    37 W    57 W   A   u a  C2   C4  RT -0.980174 0.176007 0.0909937 0.138331 0.936678 -0.321712 -0.141855 -0.302747 -0.942455 6.01606 -1.4301 0.276791  
PAIR     5 W    68 W   A   g c  C4   C2  RT -0.913637 0.300519 0.27378 0.139637 0.864465 -0.482909 -0.381797 -0.402974 -0.831771 6.24338 -0.173029 0.502696  
PAIR    30 W    62 W   A   u a  C2   C4  RT -0.958595 0.260567 -0.114896 0.252876 0.964403 0.0773346 0.130957 0.0450779 -0.990363 6.09006 -1.58902 -0.410574  
PAIR    27 H    38 W   A   a u  C4   C2  RT 0.265206 0.960578 0.0834038 0.963819 -0.261704 -0.0506444 -0.0268207 0.0938174 -0.995228 -0.468125 -5.94195 -0.236058  
PAIR    21 W    42 W   A   g u  C4   C2  RT -0.99781 0.0436842 0.0496632 0.0320804 0.976266 -0.214187 -0.0578411 -0.212125 -0.975529 5.94634 -1.50394 -0.200493  
